1-th iteration:
0.18468737602233887
0.17034268379211426
0.1535482406616211
0.15643882751464844
0.16138315200805664
0.20827555656433105
0.18154263496398926
0.1603538990020752
0.17823100090026855
0.1693871021270752
0.1597456932067871
0.1610567569732666
0.16905474662780762
0.22980904579162598
0.17036843299865723
0.15970706939697266
0.1936192512512207
0.1937239170074463
0.21266984939575195
0.18036699295043945
0.1594831943511963
0.14002108573913574
0.18015408515930176
0.14159655570983887
0.16797471046447754
0.21028876304626465
0.18923687934875488
0.1505124568939209
0.14975476264953613
0.16998577117919922

2-th iteration:
0.1697525978088379
0.1701645851135254
0.18014979362487793
0.17967939376831055
0.13973069190979004
0.16017866134643555
0.14222288131713867
0.14934444427490234
0.16899847984313965
0.17065167427062988
0.17271757125854492
0.4011704921722412
0.1859269142150879
0.2002716064453125
0.1787276268005371
0.199570894241333
0.19991207122802734
0.18017005920410156
0.1508023738861084
0.19930100440979004
0.2098250389099121
0.16150212287902832
0.16808390617370605
0.16233420372009277
0.17738556861877441
0.20027589797973633
0.22011685371398926
0.1797800064086914
0.19066715240478516
0.16917681694030762

3-th iteration:
0.19989705085754395
0.18003082275390625
0.2298297882080078
0.16003155708312988
0.16950082778930664
0.16445183753967285
0.15556859970092773
0.23207902908325195
0.1986556053161621
0.16928815841674805
0.17986416816711426
0.1805417537689209
0.15964818000793457
0.1903977394104004
0.2499403953552246
0.15941166877746582
0.1299269199371338
0.16966938972473145
0.19031262397766113
0.1799778938293457
0.20011043548583984
0.20967698097229004
0.15999269485473633
0.170074462890625
0.15967106819152832
0.16037464141845703
0.18193793296813965
0.18835783004760742
0.15942621231079102
0.1917409896850586

4-th iteration:
0.15747618675231934
0.16007065773010254
0.18021154403686523
0.15049147605895996
0.15939760208129883
0.17970490455627441
0.17172908782958984
0.18857288360595703
0.16975045204162598
0.1699063777923584
0.17963075637817383
0.16068792343139648
0.1496443748474121
0.2201392650604248
0.20002245903015137
0.20997905731201172
0.19533205032348633
0.1643662452697754
0.17825889587402344
0.23439979553222656
0.19743943214416504
0.19986176490783691
0.17955493927001953
0.19195103645324707
0.1681504249572754
0.17103195190429688
0.19910669326782227
0.16988086700439453
0.19964957237243652
0.16031360626220703

5-th iteration:
0.18188095092773438
0.2176065444946289
0.19987249374389648
0.15025901794433594
0.1602010726928711
0.1597428321838379
0.16991114616394043
0.22000479698181152
0.1899878978729248
0.1898036003112793
0.15956664085388184
0.15025711059570312
0.18028926849365234
0.17127251625061035
0.16980814933776855
0.18862175941467285
0.19575142860412598
0.17568683624267578
0.18805527687072754
0.16253376007080078
0.15753960609436035
0.19014596939086914
0.17957115173339844
0.20050859451293945
0.21948981285095215
0.17699003219604492
0.20391082763671875
0.25951647758483887
0.23951959609985352
0.20181775093078613

6-th iteration:
0.1795637607574463
0.16864395141601562
0.1698451042175293
0.19138169288635254
0.16906142234802246
0.1490802764892578
0.16014385223388672
0.17962074279785156
0.1909477710723877
0.21063876152038574
0.17842578887939453
0.19197678565979004
0.20047831535339355
0.17775797843933105
0.209442138671875
0.21064019203186035
0.1696796417236328
0.17067837715148926
0.19903278350830078
0.19251680374145508
0.18843531608581543
0.21934247016906738
0.20972824096679688
0.23246526718139648
0.19970154762268066
0.27573442459106445
0.23203611373901367
0.18265891075134277
0.19757962226867676
0.19942498207092285

7-th iteration:
0.21993684768676758
0.16976690292358398
0.21023011207580566
0.21108698844909668
0.2000751495361328
0.23522019386291504
0.20311522483825684
0.15355753898620605
0.16770386695861816
0.15864014625549316
0.19310235977172852
0.18786072731018066
0.21993255615234375
0.20186758041381836
0.17710232734680176
0.1927187442779541
0.1694197654724121
0.16761207580566406
0.21160507202148438
0.17835760116577148
0.1699998378753662
0.2100224494934082
0.1798686981201172
0.2231745719909668
0.2169344425201416
0.16994547843933105
0.17025089263916016
0.16999030113220215
0.18236780166625977
0.2371845245361328

8-th iteration:
0.2202439308166504
0.19924473762512207
0.18193459510803223
0.18786001205444336
0.1704270839691162
0.2899131774902344
0.29972314834594727
0.27132248878479004
0.20842313766479492
0.2029438018798828
0.2071695327758789
0.1799907684326172
0.18996047973632812
0.2097325325012207
0.19119477272033691
0.21958565711975098
0.19919705390930176
0.20022225379943848
0.2197725772857666
0.18109798431396484
0.21855378150939941
0.25029993057250977
0.24119901657104492
0.17827439308166504
0.19083619117736816
0.2095632553100586
0.22023344039916992
0.18341875076293945
0.16702914237976074
0.2488243579864502

9-th iteration:
0.1809096336364746
0.2590312957763672
0.2497401237487793
0.1600499153137207
0.2099165916442871
0.23996996879577637
0.2344977855682373
0.22525429725646973
0.1913926601409912
0.1798386573791504
0.19901180267333984
0.1601569652557373
0.21085095405578613
0.19877076148986816
0.17963910102844238
0.17999649047851562
0.19991230964660645
0.16986322402954102
0.2006220817565918
0.17123866081237793
0.19805479049682617
0.17011690139770508
0.17173004150390625
0.20937752723693848
0.1689763069152832
0.1820051670074463
0.16779065132141113
0.1597602367401123
0.17012429237365723
0.14997076988220215

10-th iteration:
0.16990065574645996
0.15002226829528809
0.13952302932739258
0.1402742862701416
0.16954517364501953
0.16064739227294922
0.17944693565368652
0.16012120246887207
0.15008020401000977
0.17168498039245605
0.1783585548400879
0.17570924758911133
0.16408467292785645
0.15973329544067383
0.16061711311340332
0.15924859046936035
0.17307639122009277
0.1667156219482422
0.16003751754760742
0.162245512008667
0.1500377655029297
0.15775847434997559
0.1710219383239746
0.16056323051452637
0.16830015182495117
0.16005849838256836
0.15986299514770508
0.2002091407775879
0.2050788402557373
0.15448331832885742

11-th iteration:
0.1716604232788086
0.19175362586975098
0.20650458335876465
0.21012401580810547
0.15966510772705078
0.15979218482971191
0.1906147003173828
0.15972018241882324
0.2115316390991211
0.22177410125732422
0.17845606803894043
0.1577601432800293
0.19298720359802246
0.17891645431518555
0.14964962005615234
0.1684582233428955
0.16986799240112305
0.19226288795471191
0.15759491920471191
0.15961813926696777
0.16031098365783691
0.1498126983642578
0.19022011756896973
0.18947434425354004
0.20034170150756836
0.15981221199035645
0.1610398292541504
0.17836475372314453
0.1830592155456543
0.21755576133728027

12-th iteration:
0.1997227668762207
0.1600344181060791
0.2317967414855957
0.20970916748046875
0.1985764503479004
0.199998140335083
0.15967178344726562
0.17188358306884766
0.1478407382965088
0.15990138053894043
0.17045927047729492
0.16978025436401367
0.1706376075744629
0.15914249420166016
0.18320775032043457
0.2294938564300537
0.2272202968597412
0.16998887062072754
0.169572114944458
0.20994257926940918
0.14955425262451172
0.15068554878234863
0.17181777954101562
0.16850709915161133
0.14980268478393555
0.16270661354064941
0.267078161239624
0.16971349716186523
0.19266319274902344
0.16901946067810059

13-th iteration:
0.1784377098083496
0.41955113410949707
0.1597902774810791
0.25460338592529297
0.19549012184143066
0.17221784591674805
0.15768074989318848
0.15995335578918457
0.17007112503051758
0.1314527988433838
0.21885156631469727
0.22943949699401855
0.1596665382385254
0.16213226318359375
0.15871596336364746
0.1692793369293213
0.18986773490905762
0.19157028198242188
0.16859006881713867
0.16172313690185547
0.15832757949829102
0.15142440795898438
0.1790761947631836
0.2032153606414795
0.17749810218811035
0.17843103408813477
0.17256975173950195
0.19791173934936523
0.17319512367248535
0.20073294639587402

14-th iteration:
0.2805206775665283
0.16931676864624023
0.1965177059173584
0.18022942543029785
0.1735084056854248
0.1841902732849121
0.16068100929260254
0.15004491806030273
0.1598665714263916
0.2198190689086914
0.17075228691101074
0.16160321235656738
0.1975712776184082
0.13971781730651855
0.20004916191101074
0.18122553825378418
0.14880824089050293
0.1697554588317871
0.1602797508239746
0.15999579429626465
0.1796882152557373
0.1600794792175293
0.18090224266052246
0.18285870552062988
0.16597700119018555
0.19073748588562012
0.1691911220550537
0.15017247200012207
0.15994596481323242
0.14980649948120117

15-th iteration:
0.1494596004486084
0.1602928638458252
0.16025280952453613
0.15952825546264648
0.16077470779418945
0.15935993194580078
0.16023826599121094
0.1696314811706543
0.17026305198669434
0.2224724292755127
0.18719983100891113
0.1601259708404541
0.18240857124328613
0.1475529670715332
0.1712779998779297
0.19844913482666016
0.16188716888427734
0.16785192489624023
0.18050169944763184
0.149322509765625
0.19008636474609375
0.17991304397583008
0.1498732566833496
0.16214966773986816
0.16791033744812012
0.1824800968170166
0.17741775512695312
0.16130995750427246
0.16885137557983398
0.15897893905639648

16-th iteration:
0.16071152687072754
0.1814584732055664
0.18866372108459473
0.19167876243591309
0.17057371139526367
0.1474597454071045
0.1708686351776123
0.20920395851135254
0.16994857788085938
0.1700427532196045
0.19982576370239258
0.15972661972045898
0.15999293327331543
0.1799030303955078
0.140533447265625
0.15916967391967773
0.17722702026367188
0.19595742225646973
0.18045806884765625
0.17878484725952148
0.15791773796081543
0.1731421947479248
0.16678094863891602
0.19942378997802734
0.18176627159118652
0.17868351936340332
0.1715223789215088
0.1881256103515625
0.21034598350524902
0.19114351272583008

17-th iteration:
0.19012117385864258
0.19021105766296387
0.20867490768432617
0.16918587684631348
0.20129156112670898
0.15861821174621582
0.16976428031921387
0.16972088813781738
0.15995097160339355
0.1410524845123291
0.18170523643493652
0.19742798805236816
0.16968250274658203
0.16033315658569336
0.1598796844482422
0.14983797073364258
0.16000962257385254
0.1900956630706787
0.1883258819580078
0.17296218872070312
0.16812372207641602
0.16011834144592285
0.17033147811889648
0.1799466609954834
0.16977715492248535
0.15989232063293457
0.15982508659362793
0.17006278038024902
0.16165590286254883
0.17022705078125

18-th iteration:
0.17844033241271973
0.1692490577697754
0.16007447242736816
0.14971351623535156
0.14004874229431152
0.14012789726257324
0.17016077041625977
0.1619727611541748
0.16863393783569336
0.1606121063232422
0.14976024627685547
0.1491234302520752
0.14934897422790527
0.1602630615234375
0.17002272605895996
0.18014049530029297
0.14957833290100098
0.15992522239685059
0.17004847526550293
0.1600041389465332
0.18029356002807617
0.21149301528930664
0.17789959907531738
0.14054059982299805
0.1698615550994873
0.1517925262451172
0.15770912170410156
0.17018508911132812
0.16991591453552246
0.1696486473083496

19-th iteration:
0.16219210624694824
0.15769577026367188
0.1601715087890625
0.18977856636047363
0.1799757480621338
0.17030620574951172
0.17180395126342773
0.17010831832885742
0.1689453125
0.17856955528259277
0.1703193187713623
0.3402137756347656
0.2892317771911621
0.3093132972717285
0.18116402626037598
0.18264317512512207
0.16686224937438965
0.13976669311523438
0.19195127487182617
0.14923882484436035
0.17896437644958496
0.19137978553771973
0.1883845329284668
0.17044401168823242
0.17716169357299805
0.2338871955871582
0.1885521411895752
0.19036269187927246
0.16943025588989258
0.16950678825378418

20-th iteration:
0.16004085540771484
0.17011690139770508
0.1924591064453125
0.17756342887878418
0.2001039981842041
0.1698002815246582
0.16132235527038574
0.15864872932434082
0.13966131210327148
0.17983579635620117
0.18030214309692383
0.18964266777038574
0.16159749031066895
0.16855359077453613
0.17175745964050293
0.14795136451721191
0.1716320514678955
0.18110918998718262
0.19792771339416504
0.1490771770477295
0.15029191970825195
0.1626121997833252
0.15720295906066895
0.16048789024353027
0.17087483406066895
0.19014215469360352
0.15822839736938477
0.15007996559143066
0.15979862213134766
0.16164708137512207

