1-th iteration:
0.17924141883850098
0.15978693962097168
0.1300978660583496
0.13002610206604004
0.13068675994873047

2-th iteration:
0.13142180442810059
0.13698172569274902
0.1407155990600586
0.15066862106323242
0.1505260467529297

3-th iteration:
0.1283702850341797
0.12955904006958008
0.1305994987487793
0.12987732887268066
0.12995362281799316

4-th iteration:
0.12997841835021973
0.14263081550598145
0.15734481811523438
0.15484929084777832
0.13485956192016602

5-th iteration:
0.12986445426940918
0.1894824504852295
0.13024044036865234
0.14009642601013184
0.1499958038330078

6-th iteration:
0.14346623420715332
0.12592291831970215
0.13010907173156738
0.13027453422546387
0.12973570823669434

7-th iteration:
0.12994098663330078
0.14073848724365234
0.14942073822021484
0.13988471031188965
0.1396338939666748

8-th iteration:
0.1297626495361328
0.12979435920715332
0.13015294075012207
0.1300649642944336
0.13008451461791992

9-th iteration:
0.14973735809326172
0.1400148868560791
0.14981818199157715
0.12879729270935059
0.13106703758239746

10-th iteration:
0.1297764778137207
0.129990816116333
0.15001749992370605
0.15012502670288086
0.1500387191772461

11-th iteration:
0.1596214771270752
0.13100361824035645
0.12856793403625488
0.13023900985717773
0.1297767162322998

12-th iteration:
0.13025999069213867
0.1598682403564453
0.1403064727783203
0.14016366004943848
0.12912654876708984

13-th iteration:
0.13028621673583984
0.1294865608215332
0.12976288795471191
0.13059139251708984
0.149824857711792

14-th iteration:
0.13983631134033203
0.22925424575805664
0.25034570693969727
0.26989316940307617
0.20038914680480957

15-th iteration:
0.16945528984069824
0.12989425659179688
0.13000845909118652
0.12987256050109863
0.12988662719726562

16-th iteration:
0.15016841888427734
0.14965391159057617
0.17108392715454102
0.15895390510559082
0.14997649192810059

17-th iteration:
0.12919831275939941
0.1303720474243164
0.13152194023132324
0.13832592964172363
0.13039541244506836

18-th iteration:
0.14963459968566895
0.15012598037719727
0.15981078147888184
0.1297309398651123
0.12959647178649902

19-th iteration:
0.13016462326049805
0.13018226623535156
0.13016963005065918
0.15001893043518066
0.1597881317138672

20-th iteration:
0.14956068992614746
0.12998318672180176
0.12992429733276367
0.1298370361328125
0.13056373596191406

