1-th iteration:
1.0924487113952637
0.5848584175109863
0.3088991641998291
0.30842113494873047
1.0241615772247314
1.0918104648590088
2.049576997756958
2.0484306812286377
0.5827388763427734
1.0909080505371094
2.0320351123809814
2.0435054302215576
2.0409836769104004
2.0446176528930664
2.0410351753234863
3.285572052001953
2.0424327850341797
3.284602642059326
3.219177722930908
3.284095287322998
3.2833473682403564
3.282241106033325
3.281172275543213
3.2800333499908447
3.2777199745178223
3.277218818664551
3.6277401447296143
3.6292572021484375
3.6271798610687256
3.6269474029541016

2-th iteration:
0.7537684440612793
0.7502100467681885
1.3432230949401855
1.343423843383789
0.3735830783843994
0.37238359451293945
1.3392994403839111
1.3359730243682861
2.742114782333374
2.75834584236145
2.7534685134887695
2.7517850399017334
2.7497761249542236
2.7448437213897705
3.7795352935791016
2.745007276535034
4.426745414733887
3.7875208854675293
4.418712377548218
3.783196210861206
3.7861478328704834
2.735952854156494
3.7860772609710693
3.7807652950286865
3.7781031131744385
3.7795910835266113
3.7792739868164062
4.4128618240356445
4.4125816822052
3.7734625339508057

3-th iteration:
0.9237251281738281
0.36269044876098633
0.36095690727233887
0.5711116790771484
0.5601577758789062
1.6645777225494385
1.6618568897247314
0.9228348731994629
0.9189145565032959
1.6536283493041992
2.7557127475738525
0.9135777950286865
3.160388231277466
2.7523744106292725
1.6424407958984375
3.1502978801727295
3.15234112739563
1.6369140148162842
1.6351714134216309
2.7401511669158936
1.6372621059417725
2.741201877593994
3.1495463848114014
1.627941370010376
2.738079786300659
2.7332656383514404
2.7400779724121094
2.7348930835723877
2.7332780361175537
2.739208459854126

4-th iteration:
0.26796793937683105
0.4026448726654053
0.2651839256286621
0.7838704586029053
0.3985152244567871
0.7802815437316895
0.7782008647918701
0.7748072147369385
1.4960978031158447
1.4849095344543457
1.489241123199463
1.483081340789795
1.484699010848999
1.4782960414886475
1.4755053520202637
1.4690985679626465
2.4296834468841553
2.4224252700805664
2.4237709045410156
2.4207041263580322
2.4202232360839844
2.7860019207000732
2.4225475788116455
2.783111095428467
2.4218358993530273
2.420656442642212
2.416565179824829
2.779874324798584
2.413069486618042
2.7773380279541016

5-th iteration:
0.8474092483520508
0.29760122299194336
0.2949554920196533
0.8429088592529297
1.5559730529785156
0.8382461071014404
0.8354036808013916
0.4551079273223877
0.4507720470428467
1.5420048236846924
1.546107292175293
1.5413687229156494
1.5403165817260742
1.537132978439331
1.5341062545776367
1.5318655967712402
2.532388687133789
2.5293679237365723
2.5339856147766113
2.5318610668182373
2.526715040206909
2.530261754989624
2.529747486114502
2.5243334770202637
2.521463394165039
2.971003293991089
2.971346139907837
2.520559787750244
2.9697422981262207
2.9632418155670166

6-th iteration:
0.25774502754211426
0.2579491138458252
0.3995649814605713
0.397784948348999
0.8029019832611084
0.801375150680542
1.5354504585266113
0.7956819534301758
0.7873303890228271
1.5160717964172363
1.5233511924743652
1.5198938846588135
1.5202383995056152
1.5154874324798584
2.884356737136841
1.511598825454712
1.5096335411071777
2.8765950202941895
3.342338800430298
2.882300853729248
3.3423571586608887
2.878211259841919
2.876293897628784
2.879194498062134
2.8743584156036377
3.3355674743652344
2.877706289291382
2.875441312789917
3.336249828338623
2.8757011890411377

7-th iteration:
0.29533910751342773
0.992912769317627
0.5469331741333008
0.5459704399108887
0.29190897941589355
1.7732739448547363
0.9894256591796875
0.9831020832061768
0.9802727699279785
1.7588214874267578
1.8005943298339844
1.8052804470062256
1.8026814460754395
1.8003289699554443
2.7986741065979004
1.7963287830352783
2.7990756034851074
2.798734426498413
1.7915832996368408
2.7895126342773438
2.7952558994293213
2.791048526763916
3.243983030319214
2.791290283203125
3.243684768676758
2.793360471725464
2.785459041595459
3.2443857192993164
3.2430503368377686
2.78375244140625

8-th iteration:
0.29547595977783203
0.5301096439361572
0.2931637763977051
0.531740665435791
0.9794566631317139
0.9781429767608643
0.9770820140838623
1.7346179485321045
0.9671950340270996
1.7794435024261475
1.7736859321594238
1.717466115951538
1.7644331455230713
1.7658915519714355
1.7660541534423828
1.7618417739868164
2.7359213829040527
2.7332918643951416
2.7351765632629395
2.7380716800689697
2.725759744644165
2.7252068519592285
2.7332162857055664
2.730969190597534
2.718076467514038
3.0966579914093018
3.0973336696624756
3.094960927963257
3.095874786376953
2.7229065895080566

9-th iteration:
0.2503025531768799
0.24879169464111328
0.42321133613586426
0.7661423683166504
0.42026829719543457
0.7648265361785889
1.5716238021850586
0.7611031532287598
0.7553260326385498
1.5727972984313965
1.5653250217437744
1.5660784244537354
1.5590481758117676
1.5584352016448975
1.555431842803955
1.5488770008087158
2.619281530380249
2.623365640640259
2.62211275100708
2.617523670196533
2.6189324855804443
3.0830626487731934
3.0834145545959473
3.082308769226074
2.616426944732666
2.6093249320983887
2.6120777130126953
3.077866315841675
2.6153767108917236
2.6185929775238037

10-th iteration:
0.24841976165771484
0.247298002243042
0.4659535884857178
2.0496771335601807
0.4687521457672119
0.9998559951782227
0.9935307502746582
0.9890203475952148
2.0198824405670166
2.0301296710968018
2.020658493041992
2.0170719623565674
0.9713425636291504
2.015418767929077
2.015050172805786
3.2897629737854004
2.0123543739318848
3.290963649749756
3.290609121322632
3.292508125305176
3.2898223400115967
3.2906601428985596
3.288315534591675
3.7184231281280518
3.288867712020874
3.2816226482391357
3.6824913024902344
3.715637445449829
3.715855598449707
3.2861125469207764

11-th iteration:
0.3679788112640381
0.624096155166626
1.0148699283599854
1.029076337814331
1.027407169342041
0.6178383827209473
1.8707659244537354
1.8808925151824951
3.072324275970459
3.079619884490967
1.8743715286254883
0.3464076519012451
1.8680167198181152
1.8726844787597656
1.868852138519287
3.0663154125213623
1.8673193454742432
1.0053391456604004
1.8673200607299805
3.0707337856292725
3.0735130310058594
3.070915699005127
3.069850206375122
3.4791245460510254
3.0704805850982666
3.0701143741607666
3.060404062271118
3.4764721393585205
3.4742939472198486
3.4774084091186523

12-th iteration:
1.9874591827392578
1.9857306480407715
1.9341075420379639
1.9818720817565918
3.117922782897949
3.1176350116729736
1.1089646816253662
0.4437899589538574
1.098212718963623
0.6439902782440186
3.102360963821411
0.642364501953125
1.9126017093658447
1.964115858078003
3.569704294204712
3.091111421585083
3.0916409492492676
1.9572200775146484
3.0907886028289795
1.0829899311065674
3.090874433517456
3.0895371437072754
3.084658622741699
0.41463303565979004
3.5551397800445557
3.556178092956543
1.0530192852020264
1.9478976726531982
3.0800740718841553
3.554917812347412

13-th iteration:
0.2684023380279541
0.5089929103851318
0.2666740417480469
1.0254104137420654
1.022130012512207
0.5024914741516113
1.0213356018066406
1.8472883701324463
1.0150058269500732
1.8403222560882568
1.8314716815948486
1.832094430923462
1.828162670135498
1.822570562362671
1.8257696628570557
1.8230443000793457
2.880664587020874
2.8717844486236572
2.8768694400787354
2.8793046474456787
2.8789665699005127
2.877307891845703
2.8744382858276367
2.8734118938446045
2.8725054264068604
2.872403621673584
3.3236310482025146
3.3147425651550293
3.3183555603027344
3.3195536136627197

14-th iteration:
0.2901742458343506
0.5658707618713379
0.9905729293823242
0.9903848171234131
0.991553544998169
0.5598461627960205
0.28310656547546387
0.9833786487579346
2.034651041030884
2.037538766860962
2.0334088802337646
2.0315709114074707
2.0319175720214844
2.0242512226104736
2.025846004486084
2.0219802856445312
3.1177432537078857
3.1156668663024902
3.1144046783447266
3.115504026412964
3.1133909225463867
3.1118903160095215
3.113152027130127
3.1123950481414795
3.1081314086914062
3.1104679107666016
3.6105268001556396
3.6108505725860596
3.6110031604766846
3.608288049697876

15-th iteration:
0.7961359024047852
0.2533845901489258
0.253101110458374
0.7937636375427246
1.3405773639678955
1.3379383087158203
1.3291893005371094
2.266906976699829
1.324906826019287
2.270435333251953
2.2572314739227295
2.2514822483062744
3.4464471340179443
2.2500510215759277
3.4412896633148193
2.2499749660491943
3.878031015396118
2.2456095218658447
3.439072370529175
3.433321952819824
3.436828374862671
3.437131404876709
3.871952533721924
2.24227237701416
3.432835102081299
3.8714020252227783
3.4285457134246826
3.4284021854400635
3.8692593574523926
3.4319450855255127

16-th iteration:
0.37607288360595703
0.19305062294006348
0.19208312034606934
0.7084987163543701
0.37120652198791504
1.4055976867675781
0.7032680511474609
0.700681209564209
0.699021577835083
1.3914306163787842
1.3895065784454346
1.383730411529541
1.3826954364776611
1.379683256149292
1.3761694431304932
1.3754255771636963
2.4020233154296875
2.3936045169830322
2.404934883117676
2.398261308670044
2.3946115970611572
2.790161371231079
2.39863920211792
2.396554470062256
2.387010097503662
2.3956589698791504
2.785520315170288
2.783355712890625
2.391904830932617
2.7831478118896484

17-th iteration:
0.19301581382751465
0.38141798973083496
0.19202780723571777
0.7347941398620605
0.37871336936950684
0.7315337657928467
0.7297101020812988
0.7190968990325928
1.463808536529541
1.4569501876831055
1.4625446796417236
1.458824872970581
1.4570064544677734
1.4526677131652832
1.4536168575286865
1.4544227123260498
2.4703152179718018
2.4713168144226074
2.4721789360046387
2.4697647094726562
2.4676318168640137
2.4632339477539062
2.467529296875
2.466386556625366
2.864842653274536
2.463512659072876
2.862011432647705
2.465254306793213
2.861280918121338
2.8631303310394287

18-th iteration:
0.5171971321105957
0.5155775547027588
0.6497037410736084
1.0168001651763916
1.0177130699157715
0.6440222263336182
1.010871171951294
1.0104739665985107
1.8463177680969238
1.7840569019317627
1.834333896636963
1.827965259552002
1.7708632946014404
1.8268611431121826
2.857760429382324
1.8221461772918701
1.821986436843872
2.8544795513153076
2.855597734451294
2.8488833904266357
2.8506345748901367
3.240295886993408
2.8453621864318848
2.8479857444763184
2.839475631713867
3.2308759689331055
2.8449208736419678
2.844778060913086
3.232060670852661
3.232697010040283

19-th iteration:
0.21053600311279297
0.2102813720703125
0.3874547481536865
0.747593879699707
0.38439297676086426
0.743910551071167
0.7397861480712891
0.7336039543151855
1.4230470657348633
1.4198329448699951
1.4128992557525635
1.4133286476135254
1.4087169170379639
1.4106857776641846
2.307446241378784
1.406184196472168
2.306267261505127
2.301396369934082
2.2934091091156006
1.4051995277404785
2.662860155105591
2.2997727394104004
2.297567844390869
2.2998695373535156
2.660917043685913
2.288179397583008
2.29780650138855
2.657667398452759
2.6578915119171143
2.2878334522247314

20-th iteration:
0.20807170867919922
0.4347646236419678
0.4345576763153076
0.2068798542022705
0.7744135856628418
0.7727720737457275
1.6051359176635742
0.7646036148071289
0.7616279125213623
1.598841905593872
1.5957858562469482
1.5929474830627441
1.5900485515594482
1.588916301727295
1.5851008892059326
2.9547841548919678
1.5819203853607178
2.9542534351348877
2.953707218170166
2.9535560607910156
2.94419002532959
2.951014518737793
2.952496290206909
2.948629856109619
2.950885772705078
2.950974941253662
3.33793568611145
3.3384058475494385
3.33746337890625
3.337924003601074

