1-th iteration:
0.9742460250854492
0.32973527908325195
0.5375220775604248
0.3297102451324463
1.9514813423156738
0.9705705642700195
1.95158052444458
0.9725832939147949
1.9490647315979004
1.9497737884521484
1.9454481601715088
0.5376675128936768
0.9710917472839355
1.9406163692474365
2.394832134246826
2.393620491027832
1.9421114921569824
1.943528652191162
2.3940155506134033
2.3932111263275146

2-th iteration:
0.2458181381225586
0.40381813049316406
0.40318822860717773
0.2427682876586914
0.7837991714477539
0.7816414833068848
0.7792549133300781
1.512838363647461
0.7670719623565674
1.5092473030090332
1.4966630935668945
1.4947612285614014
1.492830514907837
1.4938480854034424
1.4936866760253906
1.4908063411712646
1.8320932388305664
1.8327383995056152
1.8305275440216064
1.8306808471679688

3-th iteration:
0.25408935546875
0.25380373001098633
0.5629968643188477
0.9240305423736572
0.5601677894592285
0.9215242862701416
1.8032665252685547
0.9124577045440674
0.9040260314941406
1.7992143630981445
1.8003156185150146
1.7985963821411133
1.7963149547576904
1.7935316562652588
1.7922296524047852
2.2608718872070312
2.266836166381836
2.2636797428131104
2.264420986175537
1.7891652584075928

4-th iteration:
0.2742879390716553
0.2731180191040039
0.4831814765930176
0.48127126693725586
0.8104455471038818
0.8060534000396729
0.8063719272613525
0.8047070503234863
1.5815045833587646
1.5721051692962646
1.5705811977386475
1.56785249710083
1.5579619407653809
1.554908037185669
1.5464224815368652
1.552497148513794
1.8991827964782715
1.900446891784668
1.8987641334533691
1.8982336521148682

5-th iteration:
0.2633473873138428
0.8298158645629883
0.4402322769165039
0.2594919204711914
0.8255469799041748
0.4355165958404541
0.8220164775848389
1.5825951099395752
0.8154823780059814
1.5841619968414307
1.5794281959533691
1.5793514251708984
1.5768184661865234
1.5731542110443115
1.5761971473693848
1.5726821422576904
1.9372808933258057
1.9350693225860596
1.9317636489868164
1.930616855621338

6-th iteration:
0.3354203701019287
0.5942904949188232
0.33480334281921387
0.591149091720581
1.0129783153533936
1.0102686882019043
1.0081923007965088
0.9996037483215332
1.719238519668579
1.7149803638458252
1.714080572128296
2.0848195552825928
1.7102997303009033
1.7082927227020264
1.702019214630127
1.7010886669158936
1.6993119716644287
2.0706591606140137
2.06947660446167
2.0694937705993652

7-th iteration:
0.5153687000274658
0.7060022354125977
0.5130825042724609
1.0459074974060059
0.701390266418457
1.039222240447998
1.784940242767334
1.029188632965088
1.0267603397369385
1.7728242874145508
1.770380973815918
1.7686293125152588
1.769165277481079
1.7679669857025146
1.7643277645111084
2.1504857540130615
1.7627861499786377
2.1484014987945557
2.1463804244995117
2.1434051990509033

8-th iteration:
0.785092830657959
0.2611358165740967
0.2607612609863281
0.4395596981048584
0.7842268943786621
0.43647027015686035
0.7795515060424805
1.5397658348083496
1.5293169021606445
1.5294628143310547
0.7617573738098145
1.5239176750183105
1.520414113998413
1.8852922916412354
1.5191049575805664
1.5135259628295898
1.874673843383789
1.510331392288208
1.8745124340057373
1.8739304542541504

9-th iteration:
0.5215959548950195
0.3210325241088867
1.6721138954162598
0.8658132553100586
0.31769418716430664
0.865680456161499
0.8648529052734375
0.5113751888275146
1.6565287113189697
1.6555767059326172
1.6563351154327393
1.6509017944335938
1.652245044708252
0.8486852645874023
1.6428616046905518
1.6412062644958496
2.0745186805725098
2.0731687545776367
2.071380138397217
2.0731799602508545

10-th iteration:
0.8577492237091064
0.4931831359863281
0.2815697193145752
0.4908602237701416
0.2790696620941162
1.573890209197998
0.8507301807403564
0.8463640213012695
0.8436994552612305
1.5656342506408691
1.5631420612335205
1.547332525253296
1.5428802967071533
1.5448176860809326
1.543410301208496
1.5407805442810059
1.9186837673187256
1.9248640537261963
1.9240918159484863
1.9222054481506348

11-th iteration:
0.2720916271209717
0.27094101905822754
0.4389197826385498
0.43793797492980957
0.8101310729980469
0.8102626800537109
0.8064680099487305
1.8848860263824463
1.5323078632354736
1.5163323879241943
0.7931191921234131
1.5175189971923828
1.5136034488677979
1.5128650665283203
1.5127792358398438
1.5117056369781494
1.8608741760253906
1.862471342086792
1.86283278465271
1.5091919898986816

12-th iteration:
0.28400564193725586
0.7957141399383545
0.46138978004455566
0.2819979190826416
0.45993781089782715
1.5763940811157227
0.7872703075408936
0.7858765125274658
0.7829117774963379
1.562840461730957
1.5579555034637451
1.5565857887268066
1.5510947704315186
1.546100378036499
1.5492429733276367
1.5466315746307373
1.901299238204956
1.8979856967926025
1.8954005241394043
1.8956682682037354

13-th iteration:
0.2529332637786865
0.25174617767333984
0.46164631843566895
0.8939368724822998
0.45801210403442383
0.8901398181915283
1.9577085971832275
0.8853776454925537
0.8801677227020264
1.9523119926452637
1.9473443031311035
1.9493744373321533
1.9472424983978271
1.9385108947753906
1.9463567733764648
1.9428632259368896
2.3682103157043457
2.3556461334228516
2.3666224479675293
2.3645102977752686

14-th iteration:
0.3382577896118164
0.3378565311431885
0.9298982620239258
0.9303321838378906
0.923560380935669
0.5242869853973389
0.5231866836547852
1.68003249168396
0.9159507751464844
1.6749050617218018
1.672790288925171
1.6652965545654297
1.6655635833740234
1.6648671627044678
1.6614654064178467
1.6573119163513184
2.0235321521759033
2.019019842147827
2.0169756412506104
2.017228603363037

15-th iteration:
0.2632453441619873
0.4807393550872803
0.8778111934661865
0.2602732181549072
0.8751063346862793
0.482677698135376
0.8724181652069092
1.6445960998535156
0.8570518493652344
1.640171766281128
1.6395976543426514
1.6329047679901123
1.9965474605560303
1.632183313369751
1.631880760192871
1.6282684803009033
1.6301467418670654
1.9905011653900146
1.9888179302215576
1.9894461631774902

16-th iteration:
0.23409295082092285
0.4134056568145752
0.41268110275268555
0.23031330108642578
0.7801358699798584
0.7781522274017334
1.4616494178771973
0.7774324417114258
1.4576234817504883
0.7748937606811523
1.4518444538116455
1.4472951889038086
1.4415545463562012
1.4444096088409424
1.440384864807129
1.7644851207733154
1.4373400211334229
1.7630066871643066
1.760925531387329
1.759242057800293

17-th iteration:
0.4031202793121338
0.23278594017028809
0.23247790336608887
0.40048861503601074
0.7314386367797852
0.7242565155029297
1.419471025466919
1.4174103736877441
0.7215461730957031
0.7175061702728271
1.3973596096038818
1.4017019271850586
1.400099277496338
1.3939573764801025
1.3907251358032227
1.722844123840332
1.388031244277954
1.7198412418365479
1.717961311340332
1.7160067558288574

18-th iteration:
0.23592543601989746
0.23555278778076172
0.7565250396728516
0.43277645111083984
0.43076562881469727
0.7651901245117188
0.7633771896362305
0.7610161304473877
1.4785008430480957
1.4714057445526123
1.4698917865753174
1.4660544395446777
1.4639794826507568
1.4643809795379639
1.4576737880706787
1.4534897804260254
1.8247525691986084
1.8251683712005615
1.8239109516143799
1.823885202407837

19-th iteration:
0.5350058078765869
0.32357025146484375
0.533123254776001
0.3216209411621094
0.8509178161621094
0.8472819328308105
0.8464536666870117
0.844609260559082
1.5464365482330322
1.535787582397461
1.5362968444824219
1.528451919555664
1.5280606746673584
1.858341932296753
1.5287611484527588
1.523599624633789
1.8513307571411133
1.8509352207183838
1.8481299877166748
1.5172128677368164

20-th iteration:
0.2479541301727295
0.24804115295410156
0.68560791015625
1.4177720546722412
0.6822841167449951
1.4136817455291748
1.411982536315918
2.1293957233428955
2.1256773471832275
1.401991367340088
2.1229677200317383
2.1198222637176514
2.1168594360351562
2.4662773609161377
2.1110968589782715
2.1107754707336426
2.463992118835449
2.108609199523926
2.459548234939575
2.4597113132476807

