0.3943185806274414
0.24323296546936035
0.24308156967163086
0.47782015800476074
0.3919861316680908

0.3169567584991455
0.3121373653411865
0.5898880958557129
0.5091173648834229
0.5072405338287354

0.25954437255859375
0.25886106491088867
0.42759013175964355
0.5061216354370117
0.426830530166626

0.3008444309234619
0.467907190322876
0.5793788433074951
0.29812049865722656
0.46764254570007324

0.2278740406036377
0.4202077388763428
0.37499213218688965
0.225128173828125
0.37341761589050293

0.2855825424194336
0.2845890522003174
0.4839975833892822
0.4828329086303711
0.5598776340484619

0.4190504550933838
0.25847697257995605
0.258526086807251
0.457550048828125
0.4159879684448242

0.2700924873352051
0.2686276435852051
0.47387099266052246
0.59248948097229
0.4721362590789795

0.2786095142364502
0.4390838146209717
0.43909335136413574
0.27873730659484863
0.4779517650604248

0.2465074062347412
0.43455052375793457
0.4338228702545166
0.47245144844055176
0.2421417236328125

0.25267624855041504
0.3984823226928711
0.2516212463378906
0.39600276947021484
0.4487307071685791

0.2557404041290283
0.25437259674072266
0.4435536861419678
0.44388437271118164
0.5480270385742188

0.3362917900085449
0.33571410179138184
0.5732762813568115
0.48681044578552246
0.48610544204711914

0.3322184085845947
0.5426185131072998
0.6395504474639893
0.3092927932739258
0.537261962890625

0.28095316886901855
0.27936363220214844
0.5161619186401367
0.4458274841308594
0.4451131820678711

0.2497572898864746
0.4089689254760742
0.24868321418762207
0.4075007438659668
0.5035762786865234

0.29056501388549805
0.4603276252746582
0.2886629104614258
0.4580714702606201
0.5376842021942139

0.24642276763916016
0.24594378471374512
0.5031979084014893
0.40815305709838867
0.4055206775665283

0.251725435256958
0.2516462802886963
0.4140758514404297
0.4111301898956299
0.4431295394897461

0.26053285598754883
0.258986234664917
0.4374678134918213
0.43627429008483887
0.4743645191192627

