1-th iteration:
0.15428447723388672
0.14981412887573242
0.16025972366333008
0.18168067932128906
0.14664959907531738
0.14982986450195312
0.12434959411621094
0.15684103965759277
0.17068028450012207
0.17965221405029297

2-th iteration:
0.16923213005065918
0.15001797676086426
0.13144254684448242
0.13854384422302246
0.13004183769226074
0.1398782730102539
0.14019370079040527
0.16983699798583984
0.17885875701904297
0.14062142372131348

3-th iteration:
0.1301896572113037
0.12988758087158203
0.12998342514038086
0.12975144386291504
0.16030621528625488
0.15008831024169922
0.16019177436828613
0.14926409721374512
0.13002777099609375
0.12981343269348145

4-th iteration:
0.15011811256408691
0.1298046112060547
0.16014599800109863
0.15020155906677246
0.16001248359680176
0.12027192115783691
0.14911985397338867
0.13015174865722656
0.1299903392791748
0.13013935089111328

5-th iteration:
0.14986300468444824
0.15115880966186523
0.14841580390930176
0.1408834457397461
0.14912915229797363
0.12967634201049805
0.1307816505432129
0.12894821166992188
0.15391921997070312
0.15748167037963867

6-th iteration:
0.1489255428314209
0.12990665435791016
0.1499161720275879
0.13044476509094238
0.1295309066772461
0.13151168823242188
0.15853357315063477
0.14013981819152832
0.14944744110107422
0.13013720512390137

7-th iteration:
0.12915682792663574
0.13028216361999512
0.14002060890197754
0.13138175010681152
0.1588447093963623
0.14992141723632812
0.14954185485839844
0.1302354335784912
0.13030338287353516
0.1292729377746582

8-th iteration:
0.12972092628479004
0.13207101821899414
0.14798450469970703
0.15015554428100586
0.1859111785888672
0.19370198249816895
0.13013601303100586
0.13982939720153809
0.12989354133605957
0.12961053848266602

9-th iteration:
0.1601417064666748
0.15016889572143555
0.1298384666442871
0.3301711082458496
0.30994415283203125
0.27182817459106445
0.15956974029541016
0.1584796905517578
0.12982869148254395
0.1300678253173828

10-th iteration:
0.15914607048034668
0.12031960487365723
0.14005231857299805
0.16034889221191406
0.14985036849975586
0.16849946975708008
0.14165806770324707
0.16009235382080078
0.13976740837097168
0.16945576667785645

11-th iteration:
0.129957914352417
0.15033268928527832
0.12945938110351562
0.1301259994506836
0.1301732063293457
0.16141390800476074
0.14707493782043457
0.15046143531799316
0.15112566947937012
0.13958501815795898

12-th iteration:
0.12950348854064941
0.13066959381103516
0.13144993782043457
0.1279282569885254
0.1300792694091797
0.1500682830810547
0.14974474906921387
0.12988615036010742
0.13000988960266113
0.12999415397644043

13-th iteration:
0.12967300415039062
0.1301877498626709
0.15005230903625488
0.13970589637756348
0.15032291412353516
0.15000200271606445
0.14970183372497559
0.1620478630065918
0.21768760681152344
0.15008544921875

14-th iteration:
0.1687312126159668
0.16976022720336914
0.13982081413269043
0.12992358207702637
0.13038063049316406
0.13081645965576172
0.12981414794921875
0.1503143310546875
0.15967893600463867
0.15001225471496582

15-th iteration:
0.14987397193908691
0.12998557090759277
0.1303243637084961
0.1296370029449463
0.13984274864196777
0.13048481941223145
0.1500568389892578
0.16035032272338867
0.13940644264221191
0.12980246543884277

16-th iteration:
0.12980914115905762
0.12996983528137207
0.1398475170135498
0.1326124668121338
0.14751505851745605
0.15261435508728027
0.14725422859191895
0.12994909286499023
0.1298065185546875
0.14011716842651367

17-th iteration:
0.1298823356628418
0.15019893646240234
0.15992283821105957
0.14997410774230957
0.20053434371948242
0.12907052040100098
0.13002347946166992
0.12004613876342773
0.12967419624328613
0.14025211334228516

18-th iteration:
0.14994311332702637
0.15001535415649414
0.13947224617004395
0.13034296035766602
0.1297924518585205
0.12903642654418945
0.11980366706848145
0.13022708892822266
0.15120697021484375
0.14991283416748047

19-th iteration:
0.13934659957885742
0.13086533546447754
0.12990450859069824
0.3793973922729492
0.1501753330230713
0.14940690994262695
0.1300184726715088
0.12995338439941406
0.12026429176330566
0.13013887405395508

20-th iteration:
0.14955615997314453
0.15975284576416016
0.16972780227661133
0.17086458206176758
0.1293025016784668
0.12871956825256348
0.13008952140808105
0.14225387573242188
0.12880229949951172
0.1302495002746582

