1-th iteration:
0.25325703620910645
0.4421687126159668
0.7873263359069824
0.7856881618499756
0.7858154773712158
1.4905855655670166
0.25200462341308594
1.4905498027801514
0.782167911529541
0.4370911121368408
1.4866480827331543
1.486635684967041
1.4829092025756836
1.4841830730438232
1.4802861213684082
1.830507755279541
1.8295583724975586
1.4829950332641602
1.828681230545044
1.827338695526123

2-th iteration:
0.8338921070098877
0.29094409942626953
0.2911350727081299
0.46979546546936035
0.8343095779418945
0.46879148483276367
1.4947786331176758
1.4967644214630127
0.833341121673584
0.8318185806274414
1.4964587688446045
1.4966423511505127
1.4989726543426514
1.496422290802002
1.859015703201294
1.8569514751434326
1.8556578159332275
1.4952013492584229
1.4942407608032227
1.856658935546875

3-th iteration:
0.25694823265075684
0.2560994625091553
0.813776969909668
0.42078399658203125
0.4274322986602783
0.8134467601776123
0.8119690418243408
1.4768218994140625
0.8108408451080322
1.4820318222045898
1.477180004119873
1.477437973022461
1.4786334037780762
1.4760565757751465
1.4719808101654053
1.8311212062835693
1.4729235172271729
1.8333089351654053
1.8331336975097656
1.8326213359832764

4-th iteration:
0.4446134567260742
0.2811744213104248
0.44382643699645996
0.27921628952026367
1.7673745155334473
0.7994585037231445
0.7989835739135742
0.7961785793304443
0.793931245803833
1.7472612857818604
1.7495863437652588
1.7463140487670898
1.7457973957061768
1.7379748821258545
1.7384374141693115
1.7395572662353516
2.0858023166656494
2.0828709602355957
2.082282543182373
2.0788464546203613

5-th iteration:
0.7034997940063477
1.065931797027588
1.0658574104309082
0.5120439529418945
0.6989965438842773
1.0622997283935547
1.7429571151733398
0.5033376216888428
1.7327499389648438
1.0519003868103027
1.7346739768981934
1.7338106632232666
1.732297658920288
1.7278592586517334
1.7250173091888428
1.7236390113830566
2.072875738143921
2.069699287414551
2.0700435638427734
2.0672523975372314

6-th iteration:
0.786834716796875
0.2642180919647217
0.4414849281311035
0.26262474060058594
0.4374353885650635
0.7790274620056152
0.7757101058959961
0.7703769207000732
1.450319766998291
1.4498775005340576
1.4446625709533691
1.4399452209472656
1.434814214706421
1.4396731853485107
1.438035249710083
1.7701661586761475
1.4307005405426025
1.7652795314788818
1.7675740718841553
1.7652435302734375

7-th iteration:
0.2731318473815918
0.2731761932373047
0.4427504539489746
0.4411048889160156
0.7746732234954834
0.7718946933746338
0.770519495010376
1.518721342086792
0.7645652294158936
1.5073933601379395
1.5045921802520752
1.5054867267608643
1.5027270317077637
1.8916726112365723
1.4971020221710205
1.4977355003356934
1.497331142425537
1.8862841129302979
1.8872981071472168
1.8860392570495605

8-th iteration:
0.2545473575592041
0.4237382411956787
0.25166869163513184
0.8133256435394287
0.42051172256469727
0.8107736110687256
0.8109691143035889
0.8085112571716309
1.5010044574737549
1.487091064453125
1.5020952224731445
1.4949400424957275
1.8372960090637207
1.4961261749267578
1.49363374710083
1.8262178897857666
1.8316168785095215
1.4912662506103516
1.4904088973999023
1.8274343013763428

9-th iteration:
0.41299891471862793
0.251678466796875
0.24991869926452637
0.7549974918365479
0.408552885055542
0.7482874393463135
0.7468967437744141
0.7437102794647217
1.4881625175476074
1.498197078704834
1.4908690452575684
1.4881234169006348
1.4839622974395752
1.4818882942199707
1.4865574836730957
1.4834673404693604
1.8782601356506348
1.8764119148254395
1.8746814727783203
1.8750786781311035

10-th iteration:
0.262617826461792
0.473186731338501
0.8539483547210693
0.26267099380493164
0.8533005714416504
0.46803712844848633
0.8427145481109619
0.8401930332183838
1.5980846881866455
1.5991365909576416
1.5898644924163818
1.5837900638580322
1.586146593093872
1.5856654644012451
1.5809824466705322
1.580883264541626
1.8989179134368896
1.8991241455078125
1.8999688625335693
1.8982288837432861

11-th iteration:
0.27291440963745117
0.27179932594299316
0.4412574768066406
0.44080114364624023
0.7845187187194824
0.7823386192321777
1.4872195720672607
0.7756454944610596
1.4840171337127686
0.765451192855835
1.4782249927520752
1.4672110080718994
1.4668781757354736
1.467832326889038
1.461679220199585
1.4633877277374268
1.8149514198303223
1.8150544166564941
1.8116333484649658
1.8106634616851807

12-th iteration:
0.26302218437194824
0.2625718116760254
0.4524524211883545
0.450042724609375
0.8098468780517578
0.8065633773803711
0.8055574893951416
1.5454390048980713
0.7977476119995117
1.5426201820373535
1.535804271697998
1.5375778675079346
1.5313198566436768
1.5331089496612549
1.5304546356201172
1.5292916297912598
1.8797307014465332
1.8815293312072754
1.8803865909576416
1.8787217140197754

13-th iteration:
0.7862052917480469
0.2623119354248047
0.2615227699279785
0.44855737686157227
0.7816307544708252
0.7795798778533936
0.44502854347229004
0.7712421417236328
1.4407281875610352
1.4419546127319336
1.4429221153259277
1.44144868850708
1.4367458820343018
1.4392597675323486
1.4341177940368652
1.4269561767578125
1.7952256202697754
1.793463945388794
1.7913134098052979
1.791231393814087

14-th iteration:
0.2750883102416992
0.273526668548584
0.7885866165161133
0.450972318649292
0.7827081680297852
0.44711923599243164
0.7766494750976562
0.7763381004333496
1.4397528171539307
1.4332549571990967
1.433081865310669
1.4309909343719482
1.425753116607666
1.4266605377197266
1.4286258220672607
1.7395079135894775
1.4196717739105225
1.7395870685577393
1.7369554042816162
1.7353131771087646

15-th iteration:
0.26572370529174805
0.26439404487609863
0.6645991802215576
0.6639571189880371
1.0215375423431396
1.01987624168396
1.017091989517212
1.0052318572998047
1.724304437637329
1.7234447002410889
1.72456955909729
1.7208454608917236
1.7138760089874268
1.7172274589538574
1.7187917232513428
1.7167937755584717
2.0658624172210693
2.0660998821258545
2.0632410049438477
2.061875581741333

16-th iteration:
0.2539794445037842
0.2537686824798584
0.41227126121520996
0.773482084274292
0.40896177291870117
0.771033763885498
0.7669422626495361
0.764244556427002
1.4672811031341553
1.462564468383789
1.4616444110870361
1.461991786956787
1.4555845260620117
1.457770824432373
1.4559869766235352
1.4524071216583252
1.7716822624206543
1.7641332149505615
1.768162488937378
1.7685670852661133

17-th iteration:
0.24175214767456055
0.41957616806030273
0.7438919544219971
0.41793322563171387
0.23656320571899414
0.7335057258605957
0.7318825721740723
0.7282798290252686
1.446533441543579
1.4394490718841553
1.4402704238891602
1.4254965782165527
1.433363914489746
1.4313366413116455
1.8007855415344238
1.4315967559814453
1.8012030124664307
1.4276130199432373
1.798673152923584
1.7999348640441895

18-th iteration:
0.4525630474090576
0.28165721893310547
0.451277494430542
0.8213586807250977
0.2769021987915039
0.8196752071380615
0.8158071041107178
0.8130190372467041
1.5030558109283447
1.4929237365722656
1.4929978847503662
1.4923810958862305
1.4901516437530518
1.4901204109191895
1.4877724647521973
1.4860002994537354
1.8400280475616455
1.8409957885742188
1.8391602039337158
1.8397066593170166

19-th iteration:
0.26668500900268555
0.2666945457458496
0.42292189598083496
0.4214820861816406
0.7842221260070801
0.7805135250091553
1.4190700054168701
0.7733352184295654
0.7690043449401855
1.4004197120666504
1.399993658065796
1.3995959758758545
1.3988251686096191
1.3974318504333496
1.396317720413208
1.7546212673187256
1.3928656578063965
1.7539751529693604
1.7536311149597168
1.7540106773376465

20-th iteration:
0.4126622676849365
0.2515869140625
0.7747085094451904
0.24992728233337402
0.40716004371643066
0.7689018249511719
0.766063928604126
0.7590677738189697
1.4576945304870605
1.4537930488586426
1.4527204036712646
1.4530713558197021
1.4523849487304688
1.4506311416625977
1.4502673149108887
1.8080635070800781
1.4464869499206543
1.8053665161132812
1.8041291236877441
1.8032855987548828

