1-th iteration:
0.14472675323486328
0.14933156967163086
0.12991786003112793
0.1399707794189453
0.14006924629211426
0.16021132469177246
0.16961145401000977
0.12979769706726074
0.13087868690490723
0.15108942985534668
0.15805935859680176
0.13013911247253418
0.16986632347106934
0.19965529441833496
0.13019824028015137
0.1398937702178955
0.1300337314605713
0.12999701499938965
0.12988519668579102
0.15025973320007324

2-th iteration:
0.12941980361938477
0.15000677108764648
0.1399388313293457
0.13002467155456543
0.13965058326721191
0.16036081314086914
0.1598501205444336
0.1499946117401123
0.13981938362121582
0.16012096405029297
0.1297776699066162
0.14014339447021484
0.16979384422302246
0.16975188255310059
0.1400437355041504
0.14000391960144043
0.17938017845153809
0.1308290958404541
0.15209579467773438
0.16775202751159668

3-th iteration:
0.12952923774719238
0.1397876739501953
0.1324901580810547
0.13766217231750488
0.1403186321258545
0.14999055862426758
0.14969229698181152
0.12993454933166504
0.12992238998413086
0.13026857376098633
0.12977051734924316
0.13927817344665527
0.14222288131713867
0.13868188858032227
0.15976715087890625
0.1500251293182373
0.15996098518371582
0.16013240814208984
0.1595919132232666
0.13975858688354492

4-th iteration:
0.14010930061340332
0.159895658493042
0.16000032424926758
0.1501147747039795
0.17000937461853027
0.15973758697509766
0.16984820365905762
0.14992642402648926
0.1500401496887207
0.23145389556884766
0.2886664867401123
0.24966979026794434
0.20548081398010254
0.13450860977172852
0.1399707794189453
0.14316892623901367
0.16666841506958008
0.1499950885772705
0.13002657890319824
0.12996315956115723

5-th iteration:
0.13970446586608887
0.13970470428466797
0.14043045043945312
0.1697554588317871
0.1503148078918457
0.13956189155578613
0.12984085083007812
0.1402420997619629
0.17015814781188965
0.1299304962158203
0.15006494522094727
0.14969587326049805
0.14022397994995117
0.12968111038208008
0.13004302978515625
0.14004182815551758
0.13949012756347656
0.14041781425476074
0.16001629829406738
0.15968036651611328

6-th iteration:
0.12964677810668945
0.12967419624328613
0.13033843040466309
0.1307535171508789
0.16928958892822266
0.1500871181488037
0.1705152988433838
0.19934415817260742
0.14020991325378418
0.16243672370910645
0.41706252098083496
0.21346402168273926
0.19625520706176758
0.16049456596374512
0.13022112846374512
0.13919496536254883
0.1302955150604248
0.15992069244384766
0.15979504585266113
0.17085671424865723

7-th iteration:
0.19897103309631348
0.1999678611755371
0.1599724292755127
0.15012216567993164
0.1500241756439209
0.14950084686279297
0.16034412384033203
0.17207741737365723
0.17766976356506348
0.14039850234985352
0.12921547889709473
0.14001107215881348
0.16108918190002441
0.16949248313903809
0.13915276527404785
0.1300969123840332
0.1302483081817627
0.12986302375793457
0.13007807731628418
0.13009905815124512

8-th iteration:
0.159926176071167
0.15999913215637207
0.13975214958190918
0.13976407051086426
0.129716157913208
0.15017151832580566
0.14999723434448242
0.23035001754760742
0.15986990928649902
0.13974809646606445
0.15010499954223633
0.15976619720458984
0.14998984336853027
0.14972281455993652
0.17030739784240723
0.17980694770812988
0.15988612174987793
0.14007282257080078
0.14979887008666992
0.14026737213134766

9-th iteration:
0.13965153694152832
0.15004515647888184
0.14958620071411133
0.13015341758728027
0.14002203941345215
0.1401844024658203
0.12973737716674805
0.17084336280822754
0.1492786407470703
0.13972067832946777
0.13994789123535156
0.15001726150512695
0.13022661209106445
0.1296384334564209
0.16015982627868652
0.14994287490844727
0.14062857627868652
0.17915558815002441
0.1599750518798828
0.17023849487304688

10-th iteration:
0.15947508811950684
0.13235950469970703
0.12725019454956055
0.14026546478271484
0.14160680770874023
0.1610724925994873
0.1966400146484375
0.1635284423828125
0.14661788940429688
0.13062715530395508
0.16994667053222656
0.15973567962646484
0.15982842445373535
0.13995099067687988
0.13979148864746094
0.12991929054260254
0.13034319877624512
0.17017269134521484
0.17341136932373047
0.16643261909484863

11-th iteration:
0.20043587684631348
0.2690725326538086
0.13099026679992676
0.21021533012390137
0.1602487564086914
0.1740860939025879
0.16416096687316895
0.1701984405517578
0.12952637672424316
0.13019990921020508
0.14186787605285645
0.1583569049835205
0.17988109588623047
0.15991806983947754
0.14437651634216309
0.14560937881469727
0.14319157600402832
0.14740753173828125
0.176422119140625
0.18254613876342773

12-th iteration:
0.14946937561035156
0.14033889770507812
0.14979934692382812
0.16006922721862793
0.16024088859558105
0.1696619987487793
0.16031384468078613
0.15964841842651367
0.13988804817199707
0.15995144844055176
0.1297438144683838
0.15028858184814453
0.1601560115814209
0.17008757591247559
0.1595163345336914
0.1396009922027588
0.14007186889648438
0.14014863967895508
0.12997055053710938
0.1398782730102539

13-th iteration:
0.14982819557189941
0.14034080505371094
0.13961219787597656
0.139998197555542
0.1297931671142578
0.14039063453674316
0.18969225883483887
0.14017415046691895
0.14007186889648438
0.14941620826721191
0.1404128074645996
0.12972807884216309
0.13997554779052734
0.13130664825439453
0.12839126586914062
0.15027642250061035
0.1502087116241455
0.16263079643249512
0.1369321346282959
0.1998732089996338

14-th iteration:
0.18241524696350098
0.16916918754577637
0.17835044860839844
0.15979599952697754
0.14008378982543945
0.12990522384643555
0.1618938446044922
0.1980609893798828
0.17002439498901367
0.1697254180908203
0.19026589393615723
0.1398015022277832
0.1605854034423828
0.14935684204101562
0.16015028953552246
0.16019010543823242
0.16005396842956543
0.1695704460144043
0.14963865280151367
0.14992713928222656

15-th iteration:
0.14994311332702637
0.12990021705627441
0.16025352478027344
0.17996597290039062
0.1600656509399414
0.14963507652282715
0.149949312210083
0.1499032974243164
0.13988709449768066
0.1502680778503418
0.16141295433044434
0.1585979461669922
0.15993213653564453
0.12960553169250488
0.13000273704528809
0.13991856575012207
0.1300187110900879
0.13214945793151855
0.14776849746704102
0.1500697135925293

16-th iteration:
0.12938737869262695
0.13073468208312988
0.12934207916259766
0.13151240348815918
0.13885998725891113
0.3798642158508301
0.1697542667388916
0.13065195083618164
0.14932632446289062
0.1402146816253662
0.14014410972595215
0.139479398727417
0.18003487586975098
0.1719517707824707
0.14791250228881836
0.1298816204071045
0.1400928497314453
0.13958072662353516
0.13013672828674316
0.14018607139587402

17-th iteration:
0.14986658096313477
0.18065547943115234
0.13849925994873047
0.13053297996520996
0.13044476509094238
0.12953686714172363
0.13023829460144043
0.13950133323669434
0.15028047561645508
0.16037487983703613
0.13926196098327637
0.13004374504089355
0.13973379135131836
0.1307387351989746
0.12919068336486816
0.16040444374084473
0.16042017936706543
0.159102201461792
0.13014721870422363
0.1400465965270996

18-th iteration:
0.1296987533569336
0.13007116317749023
0.13964176177978516
0.1605527400970459
0.15996026992797852
0.15999627113342285
0.14979338645935059
0.1697978973388672
0.1299450397491455
0.13000226020812988
0.17026972770690918
0.17908573150634766
0.16232013702392578
0.1280980110168457
0.1399521827697754
0.15025687217712402
0.16022372245788574
0.17940688133239746
0.1801159381866455
0.1799170970916748

19-th iteration:
0.16007566452026367
0.1700282096862793
0.13972711563110352
0.12979745864868164
0.15992188453674316
0.17025041580200195
0.1599435806274414
0.12976455688476562
0.1299574375152588
0.12972569465637207
0.13019490242004395
0.16003084182739258
0.15018606185913086
0.15009069442749023
0.15903568267822266
0.14046454429626465
0.17389273643493652
0.16626548767089844
0.12973904609680176
0.14006352424621582

20-th iteration:
0.1697378158569336
0.16027045249938965
0.1693265438079834
0.13967204093933105
0.14015674591064453
0.1405656337738037
0.15984225273132324
0.16011309623718262
0.1599292755126953
0.15024185180664062
0.16153788566589355
0.14789247512817383
0.16047239303588867
0.22331476211547852
0.19946670532226562
0.17642903327941895
0.20001959800720215
0.12995219230651855
0.1297602653503418
0.13039708137512207

