1-th iteration:
0.20966148376464844
0.21019577980041504
0.2515220642089844
0.19175028800964355
0.2694880962371826
0.22744488716125488
0.1612393856048584
0.1688098907470703
0.20095062255859375
0.20890307426452637
0.1799168586730957
0.22098207473754883
0.2389068603515625
0.2417294979095459
0.19794130325317383
0.19980478286743164
0.2000265121459961
0.1602022647857666
0.13966751098632812
0.18034029006958008
0.2118208408355713
0.1678762435913086
0.17988991737365723
0.16994595527648926
0.1815187931060791
0.198441743850708
0.15996289253234863
0.17012596130371094
0.16973471641540527
0.16201019287109375

2-th iteration:
0.17825579643249512
0.15967226028442383
0.18964695930480957
0.16016006469726562
0.1726081371307373
0.1772308349609375
0.14014816284179688
0.14992070198059082
0.18042850494384766
0.21114611625671387
0.16785264015197754
0.17040181159973145
0.15198516845703125
0.16883349418640137
0.1590566635131836
0.17995905876159668
0.18147778511047363
0.17830681800842285
0.15992999076843262
0.15001702308654785
0.14905166625976562
0.1759495735168457
0.17497944831848145
0.20967817306518555
0.15011000633239746
0.16002988815307617
0.14985990524291992
0.15029597282409668
0.1797804832458496
0.15128159523010254

3-th iteration:
0.1490335464477539
0.15947723388671875
0.17252659797668457
0.20731306076049805
0.17992687225341797
0.14992284774780273
0.4039578437805176
0.16904425621032715
0.17669463157653809
0.1699657440185547
0.1702899932861328
0.1602613925933838
0.17861080169677734
0.15072965621948242
0.1601097583770752
0.1502070426940918
0.17197537422180176
0.1724076271057129
0.1551680564880371
0.1505744457244873
0.15900397300720215
0.17031526565551758
0.16013216972351074
0.17988061904907227
0.18990349769592285
0.13961458206176758
0.18203377723693848
0.18799662590026855
0.18493294715881348
0.2251136302947998

4-th iteration:
0.22979497909545898
0.19988536834716797
0.20083355903625488
0.179154634475708
0.22006487846374512
0.25239062309265137
0.2176663875579834
0.16990041732788086
0.18975186347961426
0.20959186553955078
0.19021201133728027
0.1601419448852539
0.15983343124389648
0.180372953414917
0.17994928359985352
0.18949270248413086
0.24103045463562012
0.24903655052185059
0.1597435474395752
0.21016144752502441
0.18961787223815918
0.21155285835266113
0.2498798370361328
0.17908382415771484
0.1694045066833496
0.1701030731201172
0.20003056526184082
0.18978166580200195
0.34227967262268066
0.3373095989227295

5-th iteration:
0.4304964542388916
0.21964216232299805
0.15987825393676758
0.15880346298217773
0.16092252731323242
0.1901566982269287
0.23014545440673828
0.1800248622894287
0.20979738235473633
0.19914674758911133
0.200728178024292
0.20169782638549805
0.23128676414489746
0.18659591674804688
0.21001648902893066
0.22008872032165527
0.17736172676086426
0.24248242378234863
0.20066523551940918
0.2196662425994873
0.21956634521484375
0.16244053840637207
0.27744269371032715
0.18059968948364258
0.1993556022644043
0.16131067276000977
0.15859293937683105
0.19965577125549316
0.1807098388671875
0.18253397941589355

6-th iteration:
0.17649602890014648
0.19009804725646973
0.17011737823486328
0.15074729919433594
0.17903733253479004
0.18052434921264648
0.21086525917053223
0.19818353652954102
0.1827850341796875
0.19743585586547852
0.22128891944885254
0.17843389511108398
0.16107702255249023
0.2690775394439697
0.22976183891296387
0.21085309982299805
0.2193584442138672
0.1811811923980713
0.1691734790802002
0.1991579532623291
0.16079330444335938
0.17100930213928223
0.18811726570129395
0.20010685920715332
0.1999797821044922
0.203169584274292
0.16672706604003906
0.23113059997558594
0.2687249183654785
0.16991043090820312

7-th iteration:
0.1623857021331787
0.22736239433288574
0.23289203643798828
0.2467966079711914
0.19012880325317383
0.18997669219970703
0.21273422241210938
0.20728206634521484
0.19980144500732422
0.22005748748779297
0.1797809600830078
0.1899731159210205
0.1611015796661377
0.17173528671264648
0.17752838134765625
0.17961573600769043
0.16981911659240723
0.16274666786193848
0.16757631301879883
0.18119525909423828
0.19856047630310059
0.19204974174499512
0.20821619033813477
0.17948508262634277
0.1713402271270752
0.17789030075073242
0.1707444190979004
0.17993593215942383
0.15973472595214844
0.16025424003601074

8-th iteration:
0.16132307052612305
0.1682887077331543
0.18019747734069824
0.18963122367858887
0.1698472499847412
0.15976476669311523
0.15140962600708008
0.1785295009613037
0.22021079063415527
0.17207551002502441
0.17842817306518555
0.17987489700317383
0.19135165214538574
0.18856406211853027
0.15996313095092773
0.17968153953552246
0.18973255157470703
0.16021108627319336
0.1797182559967041
0.18047237396240234
0.17017602920532227
0.16934585571289062
0.17974162101745605
0.14978575706481934
0.18034100532531738
0.19188809394836426
0.19804835319519043
0.18985795974731445
0.21995067596435547
0.18452024459838867

9-th iteration:
0.17482972145080566
0.19080305099487305
0.2050020694732666
0.25516796112060547
0.22034955024719238
0.159804105758667
0.16878437995910645
0.16137146949768066
0.20879101753234863
0.18991351127624512
0.20978713035583496
0.16942572593688965
0.181443452835083
0.1598491668701172
0.20026159286499023
0.18788409233093262
0.21071529388427734
0.1801466941833496
0.16167092323303223
0.1880202293395996
0.18431639671325684
0.18880510330200195
0.2578463554382324
0.18905258178710938
0.1820213794708252
0.20796823501586914
0.17001557350158691
0.2099766731262207
0.18083429336547852
0.17916417121887207

10-th iteration:
0.2397162914276123
0.18015193939208984
0.23054885864257812
0.1899256706237793
0.19887828826904297
0.25994372367858887
0.23055243492126465
0.1795344352722168
0.18969035148620605
0.19176459312438965
0.24861812591552734
0.18973755836486816
0.20015215873718262
0.26212143898010254
0.18785333633422852
0.23961758613586426
0.24591779708862305
0.1641709804534912
0.16959667205810547
0.18321704864501953
0.19908452033996582
0.2276477813720703
0.19043254852294922
0.25971031188964844
0.22008323669433594
0.1696619987487793
0.1997523307800293
0.18155765533447266
0.15843820571899414
0.22263455390930176

11-th iteration:
0.20749330520629883
0.20017123222351074
0.19034814834594727
0.15920019149780273
0.18070507049560547
0.20904207229614258
0.17023015022277832
0.18962454795837402
0.19113779067993164
0.1892836093902588
0.1796588897705078
0.17017126083374023
0.1798245906829834
0.20965957641601562
0.22070050239562988
0.2297227382659912
0.2695760726928711
0.1798412799835205
0.2425243854522705
0.20000362396240234
0.19765877723693848
0.22996139526367188
0.22964739799499512
0.16050100326538086
0.1990983486175537
0.21408963203430176
0.2169656753540039
0.18921685218811035
0.1898949146270752
0.1799314022064209

12-th iteration:
0.22179460525512695
0.16797900199890137
0.2593684196472168
0.2600431442260742
0.19119620323181152
0.21518635749816895
0.2837975025177002
0.19007492065429688
0.2038741111755371
0.17603683471679688
0.20986008644104004
0.18019914627075195
0.18981146812438965
0.19060182571411133
0.20238232612609863
0.2076127529144287
0.19940781593322754
0.20027542114257812
0.21914148330688477
0.17119526863098145
0.15909743309020996
0.15999674797058105
0.17132878303527832
0.18865656852722168
0.18116998672485352
0.1585240364074707
0.15026354789733887
0.1619417667388916
0.17811942100524902
0.149810791015625

13-th iteration:
0.17938971519470215
0.17026591300964355
0.17950034141540527
0.1610262393951416
0.15915369987487793
0.16173505783081055
0.16855716705322266
0.17051410675048828
0.21907615661621094
0.2198939323425293
0.19111227989196777
0.16867351531982422
0.2694554328918457
0.2602658271789551
0.16016054153442383
0.17044758796691895
0.24997925758361816
0.22246742248535156
0.2871556282043457
0.23994922637939453
0.3112201690673828
0.18851470947265625
0.23004555702209473
0.23183155059814453
0.27820301055908203
0.19981884956359863
0.3199021816253662
0.2508516311645508
0.21977901458740234
0.23886489868164062

14-th iteration:
0.22233915328979492
0.25858092308044434
0.1994495391845703
0.22952556610107422
0.2298426628112793
0.2701246738433838
0.2300252914428711
0.3207981586456299
0.21917128562927246
0.20322799682617188
0.19722962379455566
0.1897599697113037
0.2542541027069092
0.2559945583343506
0.17890596389770508
0.23031258583068848
0.21989727020263672
0.23027825355529785
0.21906256675720215
0.23032808303833008
0.2798781394958496
0.24064135551452637
0.21947550773620605
0.1620781421661377
0.19745540618896484
0.21129965782165527
0.37258052825927734
0.3564450740814209
0.5502874851226807
0.2692532539367676

15-th iteration:
0.18052458763122559
0.2591288089752197
0.22127318382263184
0.3186376094818115
0.20976948738098145
0.21055841445922852
0.2294611930847168
0.2104172706604004
0.26209020614624023
0.20735764503479004
0.2498030662536621
0.22019171714782715
0.20126056671142578
0.3085198402404785
0.23005151748657227
0.310352087020874
0.23198938369750977
0.2887275218963623
0.2094118595123291
0.24909591674804688
0.22993159294128418
0.18029356002807617
0.20952343940734863
0.3099179267883301
0.2699921131134033
0.2503049373626709
0.2500603199005127
0.23937463760375977
0.17017030715942383
0.229719877243042

16-th iteration:
0.21498441696166992
0.1911008358001709
0.1845250129699707
0.1693100929260254
0.17403697967529297
0.2257988452911377
0.23162293434143066
0.2297224998474121
0.17876553535461426
0.20976567268371582
0.16994261741638184
0.20022964477539062
0.2292184829711914
0.17043113708496094
0.20012950897216797
0.1723346710205078
0.16922473907470703
0.22813701629638672
0.18027615547180176
0.21231579780578613
0.2073824405670166
0.22140240669250488
0.17923521995544434
0.17914652824401855
0.18990635871887207
0.18031525611877441
0.19054484367370605
0.18057870864868164
0.17815232276916504
0.1808304786682129

17-th iteration:
0.259174108505249
0.26007652282714844
0.26117968559265137
0.1891627311706543
0.19969606399536133
0.1995677947998047
0.1600325107574463
0.15981578826904297
0.21977782249450684
0.17052507400512695
0.17965435981750488
0.1600496768951416
0.22978639602661133
0.22030067443847656
0.23972225189208984
0.18889522552490234
0.21401691436767578
0.20714640617370605
0.2195143699645996
0.2499220371246338
0.21468687057495117
0.20567965507507324
0.17931008338928223
0.17063665390014648
0.18087553977966309
0.22144246101379395
0.19733095169067383
0.2007291316986084
0.17881321907043457
0.16016697883605957

18-th iteration:
0.17985153198242188
0.1913313865661621
0.19893622398376465
0.18224716186523438
0.19961071014404297
0.1677868366241455
0.1714472770690918
0.16839814186096191
0.17009806632995605
0.17022037506103516
0.17951536178588867
0.14979910850524902
0.15018582344055176
0.15973234176635742
0.1500556468963623
0.18074464797973633
0.20959734916687012
0.25032949447631836
0.17038726806640625
0.1997530460357666
0.19925904273986816
0.24096107482910156
0.2187056541442871
0.1708967685699463
0.19895529747009277
0.18241596221923828
0.19765520095825195
0.20005512237548828
0.16001105308532715
0.16001510620117188

19-th iteration:
0.2018890380859375
0.18765044212341309
0.18004226684570312
0.19063925743103027
0.16903471946716309
0.21993398666381836
0.20036029815673828
0.19063401222229004
0.1995096206665039
0.1896343231201172
0.25995469093322754
0.1622021198272705
0.1572861671447754
0.18198633193969727
0.21805691719055176
0.19982194900512695
0.19991374015808105
0.3000638484954834
0.22910714149475098
0.2012500762939453
0.2007884979248047
0.19994592666625977
0.18911194801330566
0.1700115203857422
0.17044901847839355
0.19923138618469238
0.2200605869293213
0.199540376663208
0.1929023265838623
0.16685032844543457

20-th iteration:
0.22108078002929688
0.22270774841308594
0.17934346199035645
0.1577308177947998
0.16223978996276855
0.19378232955932617
0.17291736602783203
0.18130826950073242
0.15851926803588867
0.1597142219543457
0.16018366813659668
0.1697521209716797
0.17043232917785645
0.400177001953125
0.1694495677947998
0.15958857536315918
0.1510920524597168
0.15697050094604492
0.22304463386535645
0.1690528392791748
0.1598186492919922
0.15016841888427734
0.16979074478149414
0.16010117530822754
0.1797192096710205
0.16202521324157715
0.16674447059631348
0.16136550903320312
0.15286922454833984
0.16862845420837402

