1-th iteration:
0.16152358055114746
0.15017914772033691
0.1797940731048584
0.22295045852661133
0.16720271110534668
0.17205357551574707
0.1572272777557373
0.1702861785888672
0.16037535667419434
0.19937491416931152
0.1802971363067627
0.18973255157470703
0.17161273956298828
0.17085576057434082
0.18721842765808105
0.17752408981323242
0.19263243675231934
0.19019222259521484
0.18961858749389648
0.16993021965026855

2-th iteration:
0.1793687343597412
0.17270660400390625
0.36791467666625977
0.16942811012268066
0.16022491455078125
0.15998005867004395
0.161635160446167
0.15916967391967773
0.19936084747314453
0.1499466896057129
0.14979791641235352
0.1397840976715088
0.14325952529907227
0.16987180709838867
0.1689741611480713
0.16808557510375977
0.20903229713439941
0.2017993927001953
0.17958927154541016
0.15874886512756348

3-th iteration:
0.20378470420837402
0.15628886222839355
0.17002177238464355
0.16970586776733398
0.14969205856323242
0.17914342880249023
0.1729891300201416
0.20868420600891113
0.15932989120483398
0.16935420036315918
0.17125368118286133
0.1517505645751953
0.16911959648132324
0.18058371543884277
0.19821977615356445
0.18053960800170898
0.14854693412780762
0.16016387939453125
0.18091988563537598
0.16679954528808594

4-th iteration:
0.17122864723205566
0.16231656074523926
0.1686415672302246
0.14415812492370605
0.13555359840393066
0.17164945602416992
0.1586453914642334
0.1535353660583496
0.15640974044799805
0.16971707344055176
0.1597585678100586
0.12996864318847656
0.21021795272827148
0.1687760353088379
0.18190670013427734
0.1807115077972412
0.1583538055419922
0.1813349723815918
0.21040844917297363
0.1782064437866211

5-th iteration:
0.17116928100585938
0.1784050464630127
0.16010546684265137
0.16047120094299316
0.16140317916870117
0.14664101600646973
0.15210556983947754
0.15922045707702637
0.17008686065673828
0.1513049602508545
0.17122316360473633
0.17804908752441406
0.16190385818481445
0.19714999198913574
0.17242836952209473
0.13927197456359863
0.16846084594726562
0.16968894004821777
0.14041590690612793
0.1794745922088623

6-th iteration:
0.1664903163909912
0.13346409797668457
0.1824789047241211
0.14723801612854004
0.14998769760131836
0.191969633102417
0.18966317176818848
0.19937825202941895
0.2104344367980957
0.18828916549682617
0.190321683883667
0.16275811195373535
0.17696666717529297
0.2003791332244873
0.188859224319458
0.16028141975402832
0.183851957321167
0.16648483276367188
0.16971921920776367
0.17983508110046387

7-th iteration:
0.1605205535888672
0.1693859100341797
0.15996694564819336
0.14602899551391602
0.1940748691558838
0.1797621250152588
0.1601250171661377
0.169785737991333
0.16988539695739746
0.15009236335754395
0.17088627815246582
0.1686084270477295
0.16027355194091797
0.17988157272338867
0.1700451374053955
0.16120553016662598
0.279707670211792
0.1490945816040039
0.16967368125915527
0.19007015228271484

8-th iteration:
0.14990019798278809
0.1499490737915039
0.14993953704833984
0.14949989318847656
0.18030881881713867
0.15003299713134766
0.13996338844299316
0.20964765548706055
0.1505146026611328
0.15068674087524414
0.16898202896118164
0.14087986946105957
0.1390995979309082
0.1602473258972168
0.18017792701721191
0.17957258224487305
0.18033981323242188
0.20932912826538086
0.20100069046020508
0.18946003913879395

9-th iteration:
0.15952038764953613
0.169600248336792
0.16517305374145508
0.19844675064086914
0.1885685920715332
0.1680915355682373
0.18963265419006348
0.22954535484313965
0.21100687980651855
0.17708539962768555
0.434039831161499
0.258075475692749
0.23366236686706543
0.3064110279083252
0.4892008304595947
0.3306264877319336
0.18181490898132324
0.17790603637695312
0.22059226036071777
0.1691756248474121

10-th iteration:
0.1810007095336914
0.16899919509887695
0.16983675956726074
0.190110445022583
0.15999341011047363
0.1718902587890625
0.16782069206237793
0.17023491859436035
0.1799144744873047
0.20004677772521973
0.15952396392822266
0.1729891300201416
0.15723848342895508
0.1603081226348877
0.16055703163146973
0.16924691200256348
0.16025447845458984
0.15925312042236328
0.19008612632751465
0.1596384048461914

11-th iteration:
0.1711406707763672
0.17872834205627441
0.16574835777282715
0.17472553253173828
0.2296581268310547
0.36039233207702637
0.2692878246307373
0.19991445541381836
0.16053175926208496
0.15941405296325684
0.14017891883850098
0.15207386016845703
0.19037699699401855
0.18788957595825195
0.15923237800598145
0.20983386039733887
0.16051840782165527
0.17961645126342773
0.20363974571228027
0.19673752784729004

12-th iteration:
0.15918231010437012
0.18974995613098145
0.17039227485656738
0.17988204956054688
0.20008134841918945
0.17997956275939941
0.16248464584350586
0.15740728378295898
0.19291043281555176
0.15681838989257812
0.17027711868286133
0.1903076171875
0.18935155868530273
0.15977120399475098
0.18031811714172363
0.1598055362701416
0.1423952579498291
0.16741132736206055
0.20000720024108887
0.1600956916809082

13-th iteration:
0.1409440040588379
0.158644437789917
0.1399528980255127
0.18022942543029785
0.1895618438720703
0.17024755477905273
0.15963411331176758
0.16008782386779785
0.17964625358581543
0.18085861206054688
0.21947002410888672
0.22026681900024414
0.1715078353881836
0.20869946479797363
0.1506516933441162
0.14867734909057617
0.16965985298156738
0.14025092124938965
0.16041970252990723
0.199462890625

14-th iteration:
0.17998480796813965
0.1707911491394043
0.16930341720581055
0.17964816093444824
0.18528962135314941
0.1586132049560547
0.15591192245483398
0.16988539695739746
0.17014169692993164
0.16954660415649414
0.18122553825378418
0.168745756149292
0.1616346836090088
0.1411290168762207
0.16983890533447266
0.16773176193237305
0.1610395908355713
0.1486043930053711
0.16076064109802246
0.1790757179260254

15-th iteration:
0.1502995491027832
0.17217159271240234
0.1776432991027832
0.13969087600708008
0.20131230354309082
0.14833378791809082
0.14007306098937988
0.14004874229431152
0.14001774787902832
0.17011785507202148
0.1801445484161377
0.16968941688537598
0.1498579978942871
0.15968894958496094
0.17181181907653809
0.14299249649047852
0.17676234245300293
0.17186355590820312
0.17643332481384277
0.16277599334716797

16-th iteration:
0.15215849876403809
0.16509437561035156
0.17004966735839844
0.16869878768920898
0.19243836402893066
0.16145586967468262
0.1365983486175537
0.14990234375
0.14032626152038574
0.15011167526245117
0.18008828163146973
0.1816575527191162
0.15871262550354004
0.17044329643249512
0.16019344329833984
0.1620616912841797
0.18644928932189941
0.2317829132080078
0.20284605026245117
0.19524765014648438

17-th iteration:
0.16988825798034668
0.2499074935913086
0.18192625045776367
0.17822480201721191
0.1696305274963379
0.15988898277282715
0.17243242263793945
0.16763877868652344
0.17015624046325684
0.18295907974243164
0.1669604778289795
0.17658472061157227
0.21334028244018555
0.15976166725158691
0.1901087760925293
0.18055510520935059
0.16044831275939941
0.1797196865081787
0.18057990074157715
0.14834928512573242

18-th iteration:
0.1718904972076416
0.16794395446777344
0.20968914031982422
0.1631181240081787
0.1595287322998047
0.16875839233398438
0.20561003684997559
0.2243061065673828
0.2784717082977295
0.2195427417755127
0.37030911445617676
0.4492194652557373
0.2003490924835205
0.20000290870666504
0.2107243537902832
0.1696004867553711
0.20057463645935059
0.19449186325073242
0.37191176414489746
0.19308042526245117

19-th iteration:
0.1803596019744873
0.21934747695922852
0.21941351890563965
0.16012811660766602
0.19085049629211426
0.18366765975952148
0.19710350036621094
0.19917941093444824
0.34891581535339355
0.24041962623596191
0.2017831802368164
0.20814085006713867
0.19002580642700195
0.15953803062438965
0.22989368438720703
0.2125849723815918
0.27860450744628906
0.1708688735961914
0.1577012538909912
0.1716926097869873

20-th iteration:
0.1880049705505371
0.1697978973388672
0.1701042652130127
0.1701517105102539
0.1809530258178711
0.15874266624450684
0.20017457008361816
0.1922285556793213
0.17759966850280762
0.19147801399230957
0.18815088272094727
0.17029786109924316
0.1799478530883789
0.14042258262634277
0.15945887565612793
0.18031644821166992
0.1898787021636963
0.19931387901306152
0.16037988662719727
0.1797947883605957

