1-th iteration:
0.8063614368438721
0.2514493465423584
0.25069117546081543
0.8044483661651611
0.4099295139312744
0.9712603092193604
0.970130205154419
0.8046298027038574
0.4093742370605469
0.8014309406280518

2-th iteration:
0.4224731922149658
0.2361316680908203
0.23534750938415527
0.4191265106201172
0.8029296398162842
0.8022539615631104
0.7961587905883789
0.7919700145721436
0.9503452777862549
0.9447779655456543

3-th iteration:
0.4194178581237793
0.22796344757080078
0.2261028289794922
0.4150125980377197
0.7772166728973389
0.7758297920227051
0.7738192081451416
0.936328649520874
0.9315445423126221
0.7609949111938477

4-th iteration:
0.24611639976501465
0.7782154083251953
0.41292715072631836
0.412919282913208
0.7739951610565186
0.23932790756225586
0.7708249092102051
0.7674038410186768
0.9145078659057617
0.9110355377197266

5-th iteration:
0.23703861236572266
0.7327795028686523
0.41613221168518066
0.7304847240447998
0.2366960048675537
0.4121277332305908
0.7223842144012451
0.886122465133667
0.7152135372161865
0.875770092010498

6-th iteration:
0.760007381439209
0.2757289409637451
0.4380505084991455
0.4376533031463623
0.2729465961456299
0.7562990188598633
0.7495746612548828
0.9018294811248779
0.7439377307891846
0.8975372314453125

7-th iteration:
0.7513148784637451
0.7503223419189453
0.26703763008117676
0.42677927017211914
0.42565369606018066
0.2637512683868408
0.7453458309173584
0.7404601573944092
0.8916215896606445
0.8893775939941406

8-th iteration:
0.7874398231506348
0.2558262348175049
0.25562214851379395
0.4340379238128662
0.4322490692138672
0.7835650444030762
0.7812769412994385
0.9631252288818359
0.7727630138397217
0.9575269222259521

9-th iteration:
0.8503818511962891
0.2379767894744873
0.23654651641845703
0.405658483505249
0.4038255214691162
0.849135160446167
0.8477559089660645
1.035999059677124
0.841195821762085
1.0271027088165283

10-th iteration:
0.31859397888183594
0.9586255550384521
0.3175790309906006
0.5354759693145752
0.5351524353027344
0.9555184841156006
1.1564831733703613
0.9532852172851562
1.1538488864898682
0.9503300189971924

11-th iteration:
0.42198896408081055
0.42158961296081543
0.25985169410705566
0.8241329193115234
0.25786256790161133
0.8213098049163818
0.8138942718505859
0.9872910976409912
0.8073468208312988
0.9760849475860596

12-th iteration:
0.46750617027282715
0.26671504974365234
0.46509814262390137
0.2642221450805664
0.7956833839416504
0.7943544387817383
0.7916769981384277
0.7895922660827637
0.9874169826507568
0.9844996929168701

13-th iteration:
0.2675154209136963
0.4466075897216797
0.2646965980529785
0.8598484992980957
0.8595938682556152
0.43879127502441406
0.8475756645202637
1.0174620151519775
0.8418121337890625
1.0112652778625488

14-th iteration:
0.2274303436279297
0.3862628936767578
0.22580718994140625
0.7471253871917725
0.382951021194458
0.7465026378631592
0.7401659488677979
0.7298080921173096
0.930675745010376
0.9283111095428467

15-th iteration:
0.22746634483337402
0.22706842422485352
0.3875577449798584
0.7069375514984131
0.706397533416748
0.3821537494659424
0.6973035335540771
0.8517255783081055
0.6949813365936279
0.8406739234924316

16-th iteration:
0.2407670021057129
0.3995027542114258
0.3984487056732178
0.7187850475311279
0.2350940704345703
0.7127904891967773
0.7111983299255371
0.7048215866088867
0.8527653217315674
0.8448901176452637

17-th iteration:
0.3999617099761963
0.3987386226654053
0.7221190929412842
0.24706292152404785
0.7171189785003662
0.24280095100402832
0.7088158130645752
0.8597266674041748
0.7017602920532227
0.847618818283081

18-th iteration:
0.2485964298248291
0.4071817398071289
0.24738717079162598
0.4056389331817627
0.7656409740447998
1.1517293453216553
0.7606868743896484
0.7613735198974609
1.140190601348877
0.7500684261322021

19-th iteration:
0.24857783317565918
0.24744749069213867
0.40690183639526367
0.7664899826049805
0.4031682014465332
0.7654333114624023
0.7603416442871094
0.9348821640014648
0.7564032077789307
0.9304428100585938

20-th iteration:
0.24798893928527832
0.39634203910827637
0.24595022201538086
0.728679895401001
0.3924431800842285
0.7236213684082031
0.7210910320281982
0.7173395156860352
0.8637020587921143
0.8601064682006836

