1-th iteration:
0.1487116813659668
0.14021587371826172
0.13982844352722168
0.1296546459197998
0.1500399112701416

2-th iteration:
0.1295926570892334
0.1298980712890625
0.1301877498626709
0.14011096954345703
0.1511847972869873

3-th iteration:
0.14844131469726562
0.1198878288269043
0.1411879062652588
0.1282820701599121
0.12062454223632812

4-th iteration:
0.1294722557067871
0.15125608444213867
0.14877748489379883
0.15932464599609375
0.13068556785583496

5-th iteration:
0.12951278686523438
0.1302030086517334
0.12974858283996582
0.12981271743774414
0.15041279792785645

6-th iteration:
0.14998292922973633
0.16996026039123535
0.13963985443115234
0.12937593460083008
0.14064502716064453

7-th iteration:
0.1295156478881836
0.13052725791931152
0.12974309921264648
0.16015100479125977
0.15440821647644043

8-th iteration:
0.1349635124206543
0.130079984664917
0.13007879257202148
0.12941694259643555
0.13046979904174805

9-th iteration:
0.12989568710327148
0.15004563331604004
0.14985203742980957
0.14219117164611816
0.12744474411010742

10-th iteration:
0.1303730010986328
0.13593316078186035
0.1635150909423828
0.1419835090637207
0.14818191528320312

11-th iteration:
0.1497631072998047
0.14968562126159668
0.13039255142211914
0.12910008430480957
0.15055537223815918

12-th iteration:
0.12981653213500977
0.14017772674560547
0.14995837211608887
0.15102195739746094
0.1416916847229004

13-th iteration:
0.1266028881072998
0.13036155700683594
0.13996195793151855
0.12954473495483398
0.14011049270629883

14-th iteration:
0.1597740650177002
0.16256237030029297
0.13728547096252441
0.12953495979309082
0.13060212135314941

15-th iteration:
0.1306285858154297
0.12935996055603027
0.1300504207611084
0.14959096908569336
0.1500842571258545

16-th iteration:
0.1301865577697754
0.1295609474182129
0.12997817993164062
0.12980103492736816
0.12993574142456055

17-th iteration:
0.13021135330200195
0.13984441757202148
0.15007519721984863
0.13979601860046387
0.12990283966064453

18-th iteration:
0.1345994472503662
0.1553490161895752
0.13373088836669922
0.15669894218444824
0.14949297904968262

19-th iteration:
0.15163850784301758
0.13788175582885742
0.13013935089111328
0.12993144989013672
0.1297459602355957

20-th iteration:
0.14015412330627441
0.12994694709777832
0.16074609756469727
0.1589822769165039
0.14114952087402344

