1-th iteration:
0.3710362911224365
0.19893360137939453
0.879347562789917
0.8851602077484131
1.7238597869873047
0.8839375972747803
0.19911503791809082
0.3695647716522217
1.7166478633880615
0.881873369216919
1.7251920700073242
1.7225112915039062
2.561209201812744
2.5537025928497314
1.715531349182129
1.7193098068237305
1.7165007591247559
2.548891305923462
2.557481527328491
1.7145588397979736
2.550776481628418
2.552948236465454
2.552638530731201
2.549828052520752
2.546182632446289

2-th iteration:
0.4409751892089844
0.43989014625549316
1.0254237651824951
0.6372723579406738
0.6353058815002441
0.9751698970794678
1.7454919815063477
1.015007495880127
1.0110454559326172
1.735239028930664
1.7326300144195557
1.7323260307312012
2.529496669769287
1.731041431427002
1.7305443286895752
2.5278329849243164
1.7280688285827637
2.52414608001709
1.723891258239746
2.5222575664520264
2.5212626457214355
2.5190958976745605
2.5179624557495117
2.5171995162963867
2.515477418899536

3-th iteration:
0.2261209487915039
0.3854024410247803
0.22608065605163574
0.7619962692260742
0.7576560974121094
0.762110710144043
1.557563304901123
0.3834559917449951
0.7600977420806885
1.546492576599121
1.5564417839050293
1.5513920783996582
1.5555107593536377
1.5535366535186768
1.547445297241211
1.5533113479614258
2.2957963943481445
2.293466567993164
2.2937710285186768
2.2910284996032715
2.2937653064727783
2.2905941009521484
2.284339427947998
2.288395404815674
2.282010555267334

4-th iteration:
0.1876695156097412
0.3429129123687744
0.18631792068481445
0.7056326866149902
0.339580774307251
0.749190092086792
1.4547746181488037
1.4498262405395508
0.7411956787109375
0.739203929901123
1.4453027248382568
1.4463262557983398
1.446838617324829
1.4471039772033691
1.4427146911621094
1.4452295303344727
2.167137384414673
2.1718318462371826
2.169471502304077
2.1629765033721924
2.166135311126709
2.1665799617767334
2.16284441947937
2.16800856590271
2.1612355709075928

5-th iteration:
0.37871646881103516
0.3772423267364502
0.21978974342346191
0.7263898849487305
0.21768784523010254
0.7248411178588867
0.7229611873626709
0.7169442176818848
1.4792606830596924
1.4778046607971191
1.4774153232574463
1.4739081859588623
1.4721295833587646
1.4700031280517578
2.311455249786377
1.4676640033721924
1.4661312103271484
2.3077144622802734
2.3016767501831055
2.2997846603393555
2.300572156906128
2.298373222351074
2.3000435829162598
2.3002395629882812
2.296647310256958

6-th iteration:
0.26444458961486816
0.26485610008239746
0.45378780364990234
0.45209479331970215
0.8610429763793945
0.8089654445648193
0.8581368923187256
0.8554434776306152
1.6889357566833496
1.682771921157837
1.6823010444641113
1.6841959953308105
1.6775386333465576
1.677887201309204
1.67610764503479
2.5665080547332764
2.5598130226135254
1.673245906829834
2.558624505996704
2.5605132579803467
2.56223464012146
2.5626628398895264
2.558077812194824
2.562040090560913
2.561591625213623

7-th iteration:
0.2802407741546631
0.27840733528137207
0.4881889820098877
0.48805928230285645
0.8113329410552979
0.809791088104248
0.8086671829223633
0.8069489002227783
1.555663824081421
1.5427117347717285
1.545328140258789
1.5493965148925781
2.3775033950805664
1.5449903011322021
1.5463790893554688
2.3757638931274414
2.374753713607788
2.372271776199341
2.3747642040252686
1.5405681133270264
2.364586353302002
1.536562442779541
2.3657312393188477
2.369635581970215
2.3718128204345703

8-th iteration:
0.23163580894470215
0.435028076171875
0.23042058944702148
0.7912402153015137
0.7914197444915771
0.4290170669555664
0.7870571613311768
0.785336971282959
1.6649980545043945
1.6625616550445557
1.663062572479248
1.6598925590515137
1.6600968837738037
1.6551706790924072
1.6570734977722168
1.6549816131591797
2.4723544120788574
2.4798741340637207
2.4798338413238525
2.4765517711639404
2.473301649093628
2.4747843742370605
2.4710381031036377
2.475210428237915
2.4729831218719482

9-th iteration:
0.213728666305542
0.21361279487609863
0.4015805721282959
0.3995354175567627
0.7530384063720703
0.7497878074645996
0.7503209114074707
0.7449820041656494
1.5394742488861084
1.5324740409851074
1.5324699878692627
1.5299851894378662
1.5269687175750732
1.5272767543792725
1.520792007446289
2.3438796997070312
1.523273229598999
2.3420302867889404
2.3448574542999268
2.33805775642395
2.3400847911834717
2.342036485671997
2.3317153453826904
2.338728427886963
2.3393616676330566

10-th iteration:
0.7742488384246826
0.18648386001586914
0.3617587089538574
0.3610575199127197
0.18344545364379883
0.7208404541015625
0.7671990394592285
1.4986279010772705
1.4995160102844238
0.758575439453125
1.4915411472320557
1.4848265647888184
1.4889309406280518
1.4836571216583252
1.482058048248291
1.483607292175293
2.2944295406341553
2.2920010089874268
2.300734758377075
2.2971622943878174
2.294099807739258
2.298015594482422
2.2927539348602295
2.2919209003448486
2.2928359508514404

11-th iteration:
0.21854496002197266
0.38892030715942383
0.7299304008483887
0.21606230735778809
0.3857576847076416
0.7684421539306641
0.7673470973968506
0.7632572650909424
1.422677755355835
1.4208366870880127
1.4200680255889893
1.4197969436645508
1.4190483093261719
1.4163055419921875
1.4108552932739258
1.4127280712127686
2.2079267501831055
2.2014360427856445
2.209202766418457
2.2097160816192627
2.2097725868225098
2.2052769660949707
2.205059051513672
2.2066597938537598
2.200526237487793

12-th iteration:
0.23463869094848633
0.39240407943725586
0.2337496280670166
0.3911428451538086
0.7176594734191895
0.7179603576660156
0.7155237197875977
0.707608699798584
1.4821207523345947
1.4709498882293701
1.4795982837677002
1.479330062866211
1.474844217300415
1.4712963104248047
1.4705495834350586
1.4698147773742676
2.280374765396118
2.2812564373016357
2.2821340560913086
2.276792526245117
2.2723443508148193
2.2729361057281494
2.2726423740386963
2.272474527359009
2.2721681594848633

13-th iteration:
0.19269466400146484
0.19234442710876465
0.37160158157348633
0.7073273658752441
0.3674635887145996
0.7478489875793457
0.7436084747314453
0.741924524307251
2.0751595497131348
2.0765814781188965
2.0719192028045654
2.0713462829589844
2.065716028213501
2.067704916000366
2.0669655799865723
2.862339735031128
2.8632376194000244
2.8646697998046875
2.8616485595703125
2.8580427169799805
2.860713005065918
2.8579843044281006
2.0534861087799072
2.857532024383545
2.8586790561676025

14-th iteration:
0.400909423828125
0.22475838661193848
0.3988676071166992
0.22315263748168945
0.7537896633148193
0.7514731884002686
0.7487256526947021
0.7451598644256592
1.5389094352722168
1.5347824096679688
1.531599760055542
1.5317819118499756
1.5296211242675781
1.5274569988250732
1.5297133922576904
1.5274581909179688
2.339613676071167
2.340322256088257
2.3455684185028076
2.342130184173584
2.3433916568756104
2.340924024581909
2.33597469329834
2.3347623348236084
2.332288980484009

15-th iteration:
0.2125105857849121
0.3802645206451416
0.3796346187591553
0.20904874801635742
1.5030286312103271
0.735903263092041
1.497905969619751
0.7756047248840332
0.769484281539917
0.7675871849060059
1.4921765327453613
1.4931519031524658
1.4864072799682617
2.3674156665802
1.4870820045471191
1.4832134246826172
1.4814317226409912
2.370499610900879
2.3722617626190186
2.3716161251068115
2.366604804992676
2.367281436920166
2.3622255325317383
2.3653392791748047
2.362910032272339

16-th iteration:
0.29408907890319824
0.2936580181121826
0.4732992649078369
0.8370380401611328
0.4706146717071533
0.8340272903442383
1.6623358726501465
0.8288636207580566
0.8252453804016113
1.6444244384765625
1.6500954627990723
1.6489231586456299
1.6482360363006592
1.6463170051574707
2.6168196201324463
1.6400072574615479
1.642864465713501
2.6254703998565674
2.6163365840911865
2.615434408187866
2.6206727027893066
2.6175949573516846
2.61540150642395
2.615493059158325
2.60794734954834

17-th iteration:
0.2404921054840088
0.2391977310180664
0.4245758056640625
0.42362046241760254
0.7790610790252686
0.7743711471557617
0.7706196308135986
0.768526554107666
1.5227305889129639
1.5258543491363525
1.5248637199401855
1.522770881652832
1.519801378250122
1.5111968517303467
1.5123319625854492
2.2746427059173584
1.5131597518920898
2.2823569774627686
2.278337240219116
2.2779598236083984
2.2740368843078613
2.273818254470825
2.278648614883423
2.2791812419891357
2.2784676551818848

18-th iteration:
0.23023128509521484
0.4287114143371582
0.4288351535797119
0.22717952728271484
0.7916843891143799
0.8388292789459229
0.8361952304840088
0.8331537246704102
1.5241782665252686
1.5149815082550049
1.513139247894287
1.5131762027740479
1.509549617767334
1.5097808837890625
1.5077366828918457
2.3508198261260986
1.504319667816162
2.3543524742126465
2.3535268306732178
2.349616050720215
2.350773334503174
2.351968765258789
2.346096992492676
2.34891939163208
2.3452770709991455

19-th iteration:
0.21572422981262207
0.4022090435028076
0.7667262554168701
0.21316123008728027
0.3984663486480713
0.762765645980835
1.7872483730316162
0.7527260780334473
0.7484886646270752
1.773179531097412
1.7725560665130615
1.764129400253296
1.7640585899353027
1.7625524997711182
1.7541615962982178
1.761221170425415
2.486604928970337
2.480067253112793
2.4775564670562744
2.48298716545105
2.4822897911071777
2.4820568561553955
2.4819955825805664
2.4793124198913574
2.480811357498169

20-th iteration:
0.20959997177124023
0.20931339263916016
0.40398406982421875
0.7570791244506836
0.3995206356048584
0.7525634765625
0.7482359409332275
1.479374647140503
0.7428133487701416
1.4837138652801514
1.4801533222198486
1.4785301685333252
1.4756371974945068
1.4743990898132324
1.468717336654663
1.4696733951568604
2.249074697494507
2.2504708766937256
2.249290704727173
2.247049331665039
2.246488094329834
2.2450571060180664
2.24505352973938
2.248894691467285
2.2490344047546387

