1-th iteration:
0.18437409400939941
0.1596994400024414
0.1610879898071289
0.16824626922607422
0.19959664344787598
0.15201807022094727
0.16965460777282715
0.15900945663452148
0.1586141586303711
0.1650834083557129
0.15739917755126953
0.1487441062927246
0.15153264999389648
0.15829157829284668
0.16995525360107422
0.1603083610534668
0.18797659873962402
0.15141677856445312
0.14911174774169922
0.15238714218139648
0.1583411693572998
0.18245315551757812
0.16742944717407227
0.15009331703186035
0.1800832748413086
0.1609354019165039
0.1685786247253418
0.1801457405090332
0.1699984073638916
0.23022985458374023

2-th iteration:
0.17966866493225098
0.15993285179138184
0.17954659461975098
0.1631479263305664
0.1669633388519287
0.15025639533996582
0.17241287231445312
0.18052196502685547
0.14835286140441895
0.15827560424804688
0.1504065990447998
0.15927815437316895
0.1798691749572754
0.18040776252746582
0.15994811058044434
0.15997052192687988
0.37121057510375977
0.16882753372192383
0.16944503784179688
0.15991544723510742
0.17026233673095703
0.15970849990844727
0.14028525352478027
0.15979933738708496
0.1496257781982422
0.17164969444274902
0.1493833065032959
0.15905356407165527
0.16079926490783691
0.15869903564453125

3-th iteration:
0.15053200721740723
0.14977502822875977
0.15157365798950195
0.1582942008972168
0.17029786109924316
0.17977690696716309
0.18999099731445312
0.17104387283325195
0.17905163764953613
0.15053272247314453
0.15915894508361816
0.1704399585723877
0.16963768005371094
0.15960979461669922
0.14994287490844727
0.16031360626220703
0.15989470481872559
0.17984437942504883
0.18708014488220215
0.20266103744506836
0.16014456748962402
0.17045307159423828
0.159837007522583
0.1755051612854004
0.15722250938415527
0.15679049491882324
0.16132378578186035
0.17879652976989746
0.1706404685974121
0.21209311485290527

4-th iteration:
0.17683696746826172
0.16050934791564941
0.15949034690856934
0.16982483863830566
0.190199613571167
0.17058110237121582
0.1595621109008789
0.16973519325256348
0.13975048065185547
0.16193270683288574
0.16756486892700195
0.15046215057373047
0.15999484062194824
0.15035462379455566
0.13995599746704102
0.19966483116149902
0.18067717552185059
0.16919565200805664
0.18985700607299805
0.14982128143310547
0.14127635955810547
0.14105939865112305
0.15752458572387695
0.180372953414917
0.17007756233215332
0.1797478199005127
0.160477876663208
0.1512596607208252
0.1577770709991455
0.1637556552886963

5-th iteration:
0.16652512550354004
0.1794734001159668
0.17004179954528809
0.15996789932250977
0.17989778518676758
0.17271018028259277
0.14866948127746582
0.2005138397216797
0.16825604438781738
0.16984272003173828
0.15972518920898438
0.15010523796081543
0.15008878707885742
0.17015671730041504
0.17076349258422852
0.16885113716125488
0.15988707542419434
0.15997791290283203
0.17090678215026855
0.1498720645904541
0.1693131923675537
0.16991662979125977
0.17964839935302734
0.15023326873779297
0.15979647636413574
0.17002630233764648
0.17512226104736328
0.16841626167297363
0.4064462184906006
0.15970277786254883

6-th iteration:
0.16497421264648438
0.15642952919006348
0.17818403244018555
0.2005000114440918
0.1595478057861328
0.18117761611938477
0.14888668060302734
0.1594219207763672
0.19046974182128906
0.16988682746887207
0.1832895278930664
0.16669178009033203
0.16002440452575684
0.15156173706054688
0.16010355949401855
0.15997743606567383
0.17859244346618652
0.17905783653259277
0.1801142692565918
0.16015076637268066
0.19972872734069824
0.16379952430725098
0.1996135711669922
0.2006690502166748
0.17582321166992188
0.1711738109588623
0.18050074577331543
0.20015716552734375
0.16908740997314453
0.2350151538848877

7-th iteration:
0.1535177230834961
0.18020939826965332
0.1599137783050537
0.15992164611816406
0.17990541458129883
0.18046832084655762
0.16992974281311035
0.17054009437561035
0.16061186790466309
0.16831135749816895
0.17988204956054688
0.18070650100708008
0.1794438362121582
0.16953611373901367
0.17076635360717773
0.16988563537597656
0.20014619827270508
0.18049263954162598
0.22046804428100586
0.16922926902770996
0.18877506256103516
0.16161417961120605
0.1513967514038086
0.16679692268371582
0.1701047420501709
0.18988966941833496
0.1500837802886963
0.16254758834838867
0.1770637035369873
0.18035173416137695

8-th iteration:
0.1896967887878418
0.17980027198791504
0.16094088554382324
0.16906428337097168
0.15981411933898926
0.149932861328125
0.1802067756652832
0.20015335083007812
0.18236708641052246
0.16746902465820312
0.18122625350952148
0.1584334373474121
0.1702737808227539
0.19141554832458496
0.18798208236694336
0.18005704879760742
0.16013526916503906
0.16290807723999023
0.16299962997436523
0.16404080390930176
0.16962814331054688
0.16023635864257812
0.17078089714050293
0.15905165672302246
0.1806495189666748
0.16945147514343262
0.18132638931274414
0.1799924373626709
0.1587531566619873
0.15947771072387695

9-th iteration:
0.16278815269470215
0.14763736724853516
0.19914865493774414
0.18040966987609863
0.16985821723937988
0.14984488487243652
0.16966462135314941
0.17014837265014648
0.1715247631072998
0.17849278450012207
0.18182873725891113
0.16823959350585938
0.17986512184143066
0.16037607192993164
0.15956568717956543
0.16993331909179688
0.17006230354309082
0.16988801956176758
0.1898648738861084
0.16027307510375977
0.15989255905151367
0.1697978973388672
0.17029953002929688
0.17061591148376465
0.16080117225646973
0.1684560775756836
0.15934014320373535
0.16004395484924316
0.32007646560668945
0.4299166202545166

10-th iteration:
0.21294426918029785
0.1764082908630371
0.18072056770324707
0.18043994903564453
0.1688544750213623
0.1898961067199707
0.15997982025146484
0.23013782501220703
0.18994975090026855
0.2015533447265625
0.19815897941589355
0.17039704322814941
0.13956499099731445
0.17011570930480957
0.13977980613708496
0.17054009437561035
0.1594851016998291
0.18213510513305664
0.1476306915283203
0.1599102020263672
0.1701064109802246
0.18016815185546875
0.16001629829406738
0.19343233108520508
0.16684985160827637
0.16927528381347656
0.16011667251586914
0.18979907035827637
0.16014671325683594
0.17982792854309082

11-th iteration:
0.17634296417236328
0.16311383247375488
0.17109084129333496
0.16913342475891113
0.20044445991516113
0.17898821830749512
0.15036368370056152
0.1499340534210205
0.18079638481140137
0.15413355827331543
0.1850721836090088
0.18097758293151855
0.1688985824584961
0.15966391563415527
0.17032194137573242
0.19001507759094238
0.179856538772583
0.1815929412841797
0.18901419639587402
0.16021299362182617
0.16889023780822754
0.14994120597839355
0.18005061149597168
0.18025946617126465
0.24939465522766113
0.15988397598266602
0.15033531188964844
0.15988993644714355
0.17973947525024414
0.17005181312561035

12-th iteration:
0.21417784690856934
0.17568325996398926
0.14982271194458008
0.16012120246887207
0.15984416007995605
0.17579889297485352
0.16787242889404297
0.2060985565185547
0.15172123908996582
0.17907071113586426
0.192169189453125
0.16682219505310059
0.18035221099853516
0.1898484230041504
0.14985013008117676
0.1905512809753418
0.17941999435424805
0.17171573638916016
0.16807007789611816
0.20042705535888672
0.16940522193908691
0.18981385231018066
0.16016721725463867
0.16954803466796875
0.18075919151306152
0.21991491317749023
0.16084766387939453
0.20879101753234863
0.17000913619995117
0.18141889572143555

13-th iteration:
0.20045900344848633
0.18822669982910156
0.1698455810546875
0.15118980407714844
0.17860817909240723
0.18014097213745117
0.18970084190368652
0.17987442016601562
0.16990089416503906
0.16005873680114746
0.14998531341552734
0.16158008575439453
0.17874383926391602
0.21972441673278809
0.19082236289978027
0.16898131370544434
0.16034412384033203
0.17942595481872559
0.1602306365966797
0.18994474411010742
0.17981410026550293
0.19956040382385254
0.17018342018127441
0.16281557083129883
0.19817805290222168
0.16882729530334473
0.19103264808654785
0.22896504402160645
0.1719958782196045
0.17125463485717773

14-th iteration:
0.1779615879058838
0.1687455177307129
0.20253872871398926
0.17717218399047852
0.19063162803649902
0.1690196990966797
0.20293021202087402
0.18730950355529785
0.18993139266967773
0.18970179557800293
0.17138266563415527
0.15844345092773438
0.19990873336791992
0.17043828964233398
0.2097947597503662
0.21976017951965332
0.21007275581359863
0.22077345848083496
0.21230483055114746
0.2369842529296875
0.1998744010925293
0.2005176544189453
0.16988444328308105
0.1687307357788086
0.1599102020263672
0.17042994499206543
0.22019529342651367
0.1938478946685791
0.16633176803588867
0.19308233261108398

15-th iteration:
0.21699762344360352
0.18037867546081543
0.1485755443572998
0.15014982223510742
0.16036033630371094
0.15952157974243164
0.19275355339050293
0.1680443286895752
0.17966651916503906
0.15945935249328613
0.180739164352417
0.19017529487609863
0.21066021919250488
0.20799589157104492
0.2065906524658203
0.1733405590057373
0.16362929344177246
0.15739774703979492
0.17912888526916504
0.22984790802001953
0.19996237754821777
0.15067386627197266
0.15904545783996582
0.17019963264465332
0.159987211227417
0.1795663833618164
0.20160841941833496
0.1984236240386963
0.17144489288330078
0.1988823413848877

16-th iteration:
0.17258286476135254
0.18706822395324707
0.22968840599060059
0.15074443817138672
0.14932966232299805
0.17988824844360352
0.15971589088439941
0.21069955825805664
0.22967195510864258
0.16643071174621582
0.16296982765197754
0.19067883491516113
0.18216180801391602
0.21944880485534668
0.19988107681274414
0.22774362564086914
0.2207484245300293
0.1812450885772705
0.20810818672180176
0.22111296653747559
0.20866131782531738
0.1999189853668213
0.18010377883911133
0.1695570945739746
0.23125171661376953
0.17929339408874512
0.1704709529876709
0.16274571418762207
0.18619990348815918
0.15998053550720215

17-th iteration:
0.16010189056396484
0.1700425148010254
0.29223060607910156
0.15726923942565918
0.1501774787902832
0.16981768608093262
0.20993947982788086
0.17989158630371094
0.1730976104736328
0.18683505058288574
0.13929486274719238
0.16110897064208984
0.2194499969482422
0.19135451316833496
0.18897461891174316
0.1895592212677002
0.17023777961730957
0.1594252586364746
0.17255401611328125
0.17869877815246582
0.17035365104675293
0.17093992233276367
0.1586461067199707
0.17003488540649414
0.17985820770263672
0.1987009048461914
0.17116022109985352
0.15912938117980957
0.14976048469543457
0.16073155403137207

18-th iteration:
0.15909099578857422
0.17979073524475098
0.21668100357055664
0.21332454681396484
0.20002055168151855
0.19010424613952637
0.16960620880126953
0.1998598575592041
0.19052362442016602
0.20159196853637695
0.17798733711242676
0.16019487380981445
0.1893904209136963
0.17033052444458008
0.2104494571685791
0.16111159324645996
0.1582169532775879
0.1815042495727539
0.17832398414611816
0.17128777503967285
0.16879963874816895
0.1600050926208496
0.1620171070098877
0.18778443336486816
0.19036006927490234
0.1999955177307129
0.16965699195861816
0.20090842247009277
0.1789257526397705
0.17961835861206055

19-th iteration:
0.17011451721191406
0.14940810203552246
0.17075657844543457
0.19033598899841309
0.1802988052368164
0.15976834297180176
0.1591320037841797
0.17216014862060547
0.1489408016204834
0.17987370491027832
0.16923117637634277
0.20332026481628418
0.1661825180053711
0.17975187301635742
0.16033554077148438
0.1702871322631836
0.18973922729492188
0.19964337348937988
0.1899120807647705
0.17055201530456543
0.19324517250061035
0.17788481712341309
0.1989278793334961
0.21033024787902832
0.1590726375579834
0.1700277328491211
0.15206217765808105
0.15767526626586914
0.18998050689697266
0.22400474548339844

20-th iteration:
0.21587777137756348
0.20941758155822754
0.17980456352233887
0.18015193939208984
0.17028450965881348
0.1997230052947998
0.1604175567626953
0.19074082374572754
0.18050622940063477
0.1982135772705078
0.19020962715148926
0.19954180717468262
0.19156861305236816
0.15823650360107422
0.1700897216796875
0.17158889770507812
0.19896769523620605
0.18485236167907715
0.14453458786010742
0.1899881362915039
0.18039655685424805
0.15994048118591309
0.17959237098693848
0.1701202392578125
0.17973613739013672
0.16978836059570312
0.16031813621520996
0.1616964340209961
0.28162121772766113
0.30611562728881836

