1-th iteration:
0.5238950252532959
0.8766841888427734
0.3316631317138672
0.8751287460327148
1.5465097427368164
0.5211381912231445
0.8729331493377686
1.5454614162445068
0.32958030700683594
0.8719010353088379
1.5447590351104736
1.5434229373931885
1.5445528030395508
1.5446510314941406
1.5433223247528076

2-th iteration:
0.26787567138671875
0.44034767150878906
0.7987391948699951
0.26618242263793945
0.43657350540161133
1.4541399478912354
0.7915945053100586
0.789313793182373
0.7825162410736084
1.4312291145324707
1.435856819152832
1.4328899383544922
1.4332151412963867
1.4312782287597656
1.4275355339050293

3-th iteration:
0.44450879096984863
0.2893812656402588
0.2837202548980713
0.44203925132751465
0.7868242263793945
0.7831621170043945
0.7808992862701416
0.775975227355957
1.4689948558807373
1.4605307579040527
1.4616050720214844
1.4642527103424072
1.4631364345550537
1.463346242904663
1.4613168239593506

4-th iteration:
0.265613317489624
0.26520299911499023
0.7773885726928711
0.7732176780700684
0.43549513816833496
0.4308764934539795
0.7724349498748779
0.7698931694030762
1.422544240951538
1.4176650047302246
1.420220136642456
1.4190924167633057
1.4189577102661133
1.4181187152862549
1.4166431427001953

5-th iteration:
0.26938843727111816
0.4595918655395508
0.45913147926330566
0.2658731937408447
1.1560564041137695
1.1560842990875244
1.155656099319458
1.741605520248413
1.146000862121582
1.732743263244629
1.7298953533172607
1.7290000915527344
1.729417085647583
1.7266037464141846
1.7266547679901123

6-th iteration:
0.25818872451782227
0.43936944007873535
0.4379546642303467
0.2558615207672119
0.7859880924224854
0.7851333618164062
0.7834253311157227
1.413806438446045
1.4022440910339355
0.7719671726226807
1.404928207397461
1.4030706882476807
1.3996946811676025
1.4010891914367676
1.4006237983703613

7-th iteration:
0.44716691970825195
0.25602030754089355
0.44635963439941406
0.80881667137146
0.25382280349731445
0.8060014247894287
1.4360971450805664
0.7978560924530029
0.7909963130950928
1.4295754432678223
1.4275381565093994
1.4280309677124023
1.4241294860839844
1.423182725906372
1.4198603630065918

8-th iteration:
0.2436063289642334
0.2434697151184082
0.4046511650085449
0.4031031131744385
0.7634377479553223
0.7623982429504395
1.4156677722930908
0.7600107192993164
0.755544900894165
1.4072513580322266
1.4012818336486816
1.3983609676361084
1.3978009223937988
1.395127534866333
1.3879878520965576

9-th iteration:
0.24819469451904297
0.41757988929748535
0.7703619003295898
0.41567397117614746
0.2434227466583252
0.7631244659423828
0.7595629692077637
0.7565207481384277
1.3364827632904053
1.3335347175598145
1.3293216228485107
1.3240258693695068
1.3263354301452637
1.3247489929199219
1.3243298530578613

10-th iteration:
0.42847275733947754
0.25760388374328613
0.7801251411437988
0.7785980701446533
0.2535984516143799
0.4215397834777832
1.3678557872772217
1.3648710250854492
0.7670779228210449
1.355722427368164
0.7628054618835449
1.3517022132873535
1.3451807498931885
1.3473210334777832
1.3431718349456787

11-th iteration:
0.2489161491394043
0.24734258651733398
0.42653965950012207
0.7700910568237305
0.42701244354248047
1.3967976570129395
0.761676549911499
0.7606940269470215
0.7569863796234131
1.3899743556976318
1.3878417015075684
1.377295970916748
1.3744051456451416
1.3707711696624756
1.3724660873413086

12-th iteration:
0.7835519313812256
0.43726181983947754
0.2663712501525879
0.26593804359436035
0.7815852165222168
0.7794203758239746
0.4308321475982666
1.321789264678955
0.7726893424987793
1.322303295135498
1.319183111190796
1.3169937133789062
1.313133955001831
1.3111412525177002
1.307032823562622

13-th iteration:
0.23873376846313477
0.39965152740478516
0.2440624237060547
0.7159066200256348
0.7157247066497803
0.3973660469055176
0.7162668704986572
1.3103737831115723
0.7154431343078613
1.3100836277008057
1.3116707801818848
1.3116211891174316
1.3063652515411377
1.3078532218933105
1.3073906898498535

14-th iteration:
0.22823524475097656
0.22707223892211914
0.37602710723876953
0.3751041889190674
0.7454164028167725
0.7442433834075928
0.7428300380706787
0.7394778728485107
1.3295483589172363
1.3296890258789062
1.3293564319610596
1.3251457214355469
1.327190637588501
1.3255321979522705
1.3247952461242676

15-th iteration:
0.2580747604370117
0.25789737701416016
0.44601893424987793
0.44042205810546875
0.8143682479858398
0.8089072704315186
0.8038437366485596
0.7995889186859131
1.3709194660186768
1.3617017269134521
1.3675165176391602
1.3680896759033203
1.364635705947876
1.3666350841522217
1.3646221160888672

16-th iteration:
0.41886448860168457
0.25792694091796875
0.2576601505279541
0.7396759986877441
0.4139106273651123
0.7355024814605713
0.7319209575653076
1.3440642356872559
1.34236478805542
0.7198796272277832
1.3257360458374023
1.3302967548370361
1.3248798847198486
1.3225066661834717
1.323150634765625

17-th iteration:
0.22764873504638672
0.22774124145507812
0.759141206741333
0.4247095584869385
0.4242823123931885
0.7541799545288086
0.753089189529419
0.7459945678710938
1.3372318744659424
1.3366856575012207
1.3356561660766602
1.3342273235321045
1.3290088176727295
1.331488847732544
1.3307204246520996

18-th iteration:
0.21452641487121582
0.2145094871520996
0.3957068920135498
0.39599180221557617
0.7439332008361816
0.7444899082183838
0.7436513900756836
0.7435102462768555
1.3413169384002686
1.3445899486541748
1.3361079692840576
1.3431012630462646
1.3418138027191162
1.3406898975372314
1.3393301963806152

19-th iteration:
0.44795799255371094
0.7847678661346436
0.2662646770477295
0.7835829257965088
0.26517224311828613
0.44176626205444336
0.777907133102417
0.7725448608398438
1.4190573692321777
1.4212563037872314
1.416344165802002
1.4201664924621582
1.4180610179901123
1.4187026023864746
1.4170866012573242

20-th iteration:
0.24843311309814453
0.24816250801086426
0.40657734870910645
0.40468311309814453
0.7499823570251465
0.7475390434265137
0.7457597255706787
1.3277842998504639
0.7343461513519287
1.325937032699585
1.3231465816497803
1.3165879249572754
1.31007981300354
1.3097021579742432
1.307690143585205

