1-th iteration:
0.14967036247253418
0.1303246021270752
0.12955355644226074
0.12952232360839844
0.14082551002502441
0.15942096710205078
0.13986992835998535
0.13039493560791016
0.1296381950378418
0.13006210327148438
0.13992905616760254
0.16994762420654297
0.16008305549621582
0.1599273681640625
0.12964630126953125

2-th iteration:
0.13988327980041504
0.15094566345214844
0.12890982627868652
0.1298365592956543
0.1513371467590332
0.14880704879760742
0.16016411781311035
0.14941024780273438
0.13011908531188965
0.13002371788024902
0.1298677921295166
0.13038229942321777
0.12967991828918457
0.15025091171264648
0.1499035358428955

3-th iteration:
0.15961432456970215
0.12985801696777344
0.14440226554870605
0.12552690505981445
0.15007853507995605
0.16031980514526367
0.18965554237365723
0.1599736213684082
0.15990591049194336
0.1307516098022461
0.16065311431884766
0.13891124725341797
0.18041586875915527
0.16909337043762207
0.1508042812347412

4-th iteration:
0.14987540245056152
0.17906618118286133
0.149918794631958
0.18015575408935547
0.16003179550170898
0.15935444831848145
0.15044689178466797
0.13986611366271973
0.13123536109924316
0.12842512130737305
0.12986350059509277
0.13010668754577637
0.16037392616271973
0.16007733345031738
0.15968847274780273

5-th iteration:
0.12939190864562988
0.14020895957946777
0.12999415397644043
0.1399374008178711
0.13007092475891113
0.13945937156677246
0.15058350563049316
0.15980291366577148
0.12994098663330078
0.13370919227600098
0.16620302200317383
0.16015076637268066
0.14987587928771973
0.16016364097595215
0.20064640045166016

6-th iteration:
0.12885618209838867
0.12995624542236328
0.1323843002319336
0.1473090648651123
0.1298980712890625
0.14147686958312988
0.15908288955688477
0.1695241928100586
0.1403975486755371
0.14965033531188965
0.1297905445098877
0.1401519775390625
0.12998247146606445
0.15992999076843262
0.15003657341003418

7-th iteration:
0.15976977348327637
0.12981820106506348
0.1399552822113037
0.13007402420043945
0.13959074020385742
0.20069432258605957
0.14998698234558105
0.15856337547302246
0.13019013404846191
0.14068198204040527
0.13058829307556152
0.12926745414733887
0.1299290657043457
0.14042997360229492
0.15982413291931152

8-th iteration:
0.15993833541870117
0.13996386528015137
0.12949228286743164
0.1298668384552002
0.13082075119018555
0.12938737869262695
0.14071154594421387
0.14931297302246094
0.16008281707763672
0.12952399253845215
0.13009190559387207
0.1300344467163086
0.12988996505737305
0.1299877166748047
0.15000581741333008

9-th iteration:
0.16980290412902832
0.15986108779907227
0.13359379768371582
0.12607192993164062
0.13405847549438477
0.13600873947143555
0.1301286220550537
0.1403796672821045
0.1594102382659912
0.15035438537597656
0.1687629222869873
0.13985753059387207
0.139937162399292
0.1796114444732666
0.13097524642944336

10-th iteration:
0.14018630981445312
0.1400599479675293
0.15999937057495117
0.13977932929992676
0.12965655326843262
0.12238454818725586
0.12752723693847656
0.13042163848876953
0.12922120094299316
0.15073060989379883
0.15964937210083008
0.14959478378295898
0.13059234619140625
0.12922954559326172
0.1594712734222412

11-th iteration:
0.13062715530395508
0.13056612014770508
0.13999414443969727
0.17014479637145996
0.13950872421264648
0.13005828857421875
0.13045191764831543
0.14965128898620605
0.12917566299438477
0.1508631706237793
0.15989303588867188
0.1700131893157959
0.1397538185119629
0.13065862655639648
0.12920165061950684

12-th iteration:
0.13016319274902344
0.12962722778320312
0.1502830982208252
0.15995264053344727
0.1598372459411621
0.12964224815368652
0.1399078369140625
0.1302173137664795
0.14491486549377441
0.13366103172302246
0.1701035499572754
0.1331343650817871
0.12808847427368164
0.13999462127685547
0.12863588333129883

13-th iteration:
0.13005399703979492
0.14977574348449707
0.15006017684936523
0.16042041778564453
0.16068029403686523
0.139906644821167
0.13065361976623535
0.13867878913879395
0.13048911094665527
0.14003849029541016
0.17011189460754395
0.17046141624450684
0.13893866539001465
0.13072466850280762
0.12985968589782715

14-th iteration:
0.12955737113952637
0.13998198509216309
0.14936208724975586
0.13056063652038574
0.13008689880371094
0.13978266716003418
0.1301708221435547
0.12989282608032227
0.161574125289917
0.14849424362182617
0.1499619483947754
0.15023231506347656
0.1796581745147705
0.1303081512451172
0.12933778762817383

15-th iteration:
0.13000082969665527
0.14020895957946777
0.12925195693969727
0.13060832023620605
0.1505887508392334
0.1398627758026123
0.1392068862915039
0.12963533401489258
0.1324310302734375
0.12780094146728516
0.1334991455078125
0.14789605140686035
0.15847468376159668
0.14984440803527832
0.13033676147460938

16-th iteration:
0.1292710304260254
0.1303575038909912
0.14158415794372559
0.12806105613708496
0.15050292015075684
0.15991592407226562
0.16009116172790527
0.1491255760192871
0.1507272720336914
0.1295020580291748
0.1501445770263672
0.1317884922027588
0.14753079414367676
0.1506805419921875
0.1597914695739746

17-th iteration:
0.13701915740966797
0.1427319049835205
0.13982486724853516
0.13009977340698242
0.13986992835998535
0.15005207061767578
0.1554567813873291
0.15440082550048828
0.13028550148010254
0.12976360321044922
0.13001728057861328
0.12988686561584473
0.13988399505615234
0.16023945808410645
0.1598665714263916

18-th iteration:
0.13930964469909668
0.14117741584777832
0.12884783744812012
0.13000798225402832
0.12971282005310059
0.14273428916931152
0.14770054817199707
0.1297304630279541
0.1317307949066162
0.1479966640472412
0.14467430114746094
0.13604283332824707
0.13936614990234375
0.17013335227966309
0.1621086597442627

19-th iteration:
0.15773725509643555
0.13949108123779297
0.1317145824432373
0.12835693359375
0.13002753257751465
0.14021658897399902
0.13996291160583496
0.18007564544677734
0.15996456146240234
0.1394338607788086
0.14010858535766602
0.12979960441589355
0.13043570518493652
0.13983702659606934
0.14018917083740234

20-th iteration:
0.15964436531066895
0.16083073616027832
0.13615822792053223
0.13274002075195312
0.14019322395324707
0.13605260848999023
0.13317584991455078
0.1405949592590332
0.15688705444335938
0.1528458595275879
0.13988351821899414
0.1397092342376709
0.1403794288635254
0.13982152938842773
0.15018725395202637

