1-th iteration:
0.23187971115112305
0.3790245056152344
0.37739133834838867
0.4572763442993164
0.22778725624084473

2-th iteration:
0.28053951263427734
0.2795736789703369
0.5359554290771484
0.45690107345581055
0.4553663730621338

3-th iteration:
0.25017809867858887
0.40809202194213867
0.4864199161529541
0.40815114974975586
0.24550294876098633

4-th iteration:
0.29120683670043945
0.2911806106567383
0.5376465320587158
0.45763254165649414
0.45662474632263184

5-th iteration:
0.25121259689331055
0.409252405166626
0.4088857173919678
0.24861359596252441
0.4847590923309326

6-th iteration:
0.30041003227233887
0.4774899482727051
0.5594043731689453
0.2980659008026123
0.475597620010376

7-th iteration:
0.40750956535339355
0.4061908721923828
0.24677705764770508
0.2441728115081787
0.490764856338501

8-th iteration:
0.2812976837158203
0.28014707565307617
0.47817206382751465
0.4368271827697754
0.4352583885192871

9-th iteration:
0.26018810272216797
0.40770697593688965
0.2580280303955078
0.4049994945526123
0.4422645568847656

10-th iteration:
0.2694122791290283
0.4289093017578125
0.42662811279296875
0.2672598361968994
0.4591512680053711

11-th iteration:
0.41203761100769043
0.250532865524292
0.2500181198120117
0.40848755836486816
0.44562244415283203

12-th iteration:
0.26811766624450684
0.48438572883605957
0.4468677043914795
0.446727991104126
0.2644050121307373

13-th iteration:
0.24376130104064941
0.24222111701965332
0.40126681327819824
0.4302504062652588
0.3985707759857178

14-th iteration:
0.25770092010498047
0.2575240135192871
0.4155848026275635
0.44992661476135254
0.413804292678833

15-th iteration:
0.4233131408691406
0.24256205558776855
0.24066662788391113
0.39008665084838867
0.38661742210388184

16-th iteration:
0.4280080795288086
0.42687129974365234
0.2770426273345947
0.5034735202789307
0.2754554748535156

17-th iteration:
0.4991934299468994
0.24960064888000488
0.40818285942077637
0.40624356269836426
0.24553537368774414

18-th iteration:
0.5379714965820312
0.286653995513916
0.4569723606109619
0.45629215240478516
0.28341078758239746

19-th iteration:
0.421252965927124
0.2585785388946533
0.2574477195739746
0.4177687168121338
0.5045137405395508

20-th iteration:
0.2985494136810303
0.29860520362854004
0.4757816791534424
0.5663013458251953
0.47250890731811523

