1-th iteration:
0.1297774314880371
0.13092255592346191
0.13875746726989746
0.15057635307312012
0.14943146705627441
0.16048550605773926
0.13287687301635742
0.1369025707244873
0.1305556297302246
0.12883281707763672
0.15067505836486816
0.1603074073791504
0.17952346801757812
0.12983202934265137
0.12986040115356445

2-th iteration:
0.13997101783752441
0.12968897819519043
0.14017868041992188
0.1502070426940918
0.1498427391052246
0.1500251293182373
0.13977432250976562
0.13027215003967285
0.13959980010986328
0.12984585762023926
0.14017868041992188
0.16002702713012695
0.14989113807678223
0.1599750518798828
0.13992738723754883

3-th iteration:
0.12990951538085938
0.12984633445739746
0.13981080055236816
0.13998913764953613
0.13048768043518066
0.14955735206604004
0.17035746574401855
0.1403193473815918
0.12934207916259766
0.13252615928649902
0.1386570930480957
0.13882732391357422
0.1399998664855957
0.169694185256958
0.16002655029296875

4-th iteration:
0.15002918243408203
0.14954757690429688
0.1513993740081787
0.16839122772216797
0.13359928131103516
0.15672516822814941
0.15086722373962402
0.1387195587158203
0.1302328109741211
0.12987303733825684
0.37021422386169434
0.1598818302154541
0.150665283203125
0.15910816192626953
0.1300373077392578

5-th iteration:
0.12943720817565918
0.13031840324401855
0.13009953498840332
0.12989115715026855
0.15049982070922852
0.14939045906066895
0.14991354942321777
0.12989234924316406
0.12973451614379883
0.1303849220275879
0.13994812965393066
0.1295948028564453
0.1499934196472168
0.15123963356018066
0.16900181770324707

6-th iteration:
0.13959050178527832
0.12990117073059082
0.14027690887451172
0.1298372745513916
0.1419379711151123
0.167921781539917
0.1602036952972412
0.12951278686523438
0.13009381294250488
0.13994383811950684
0.1316514015197754
0.16428256034851074
0.18399810791015625
0.12988519668579102
0.1500842571258545

7-th iteration:
0.14941048622131348
0.13021469116210938
0.1408541202545166
0.1493527889251709
0.16998648643493652
0.14966583251953125
0.1302497386932373
0.12971091270446777
0.12997865676879883
0.1400151252746582
0.16013598442077637
0.15065765380859375
0.14935660362243652
0.14995718002319336
0.1597433090209961

8-th iteration:
0.12986397743225098
0.1298234462738037
0.13002753257751465
0.1297166347503662
0.13018369674682617
0.140669584274292
0.1395421028137207
0.15169262886047363
0.12791728973388672
0.1298973560333252
0.12999916076660156
0.13010334968566895
0.1300058364868164
0.13000893592834473
0.14981484413146973

9-th iteration:
0.13960599899291992
0.1300506591796875
0.12993264198303223
0.12998652458190918
0.14366388320922852
0.1761610507965088
0.170257568359375
0.12983179092407227
0.13014864921569824
0.14989876747131348
0.14427709579467773
0.1566474437713623
0.12889432907104492
0.15008091926574707
0.13053584098815918

10-th iteration:
0.1284635066986084
0.20074820518493652
0.12984800338745117
0.14989995956420898
0.13009881973266602
0.13009929656982422
0.1300055980682373
0.13973069190979004
0.13995766639709473
0.1300358772277832
0.14896440505981445
0.13065218925476074
0.13417744636535645
0.13596606254577637
0.14004898071289062

11-th iteration:
0.15652084350585938
0.14281058311462402
0.16100192070007324
0.13791227340698242
0.13038420677185059
0.1306915283203125
0.12964487075805664
0.14028596878051758
0.14003372192382812
0.1397416591644287
0.12939000129699707
0.14041543006896973
0.13966107368469238
0.14780902862548828
0.40282726287841797

12-th iteration:
0.1495819091796875
0.13964605331420898
0.1300356388092041
0.13932394981384277
0.13060975074768066
0.38008737564086914
0.3794069290161133
0.1302947998046875
0.12975788116455078
0.13014841079711914
0.1417238712310791
0.148453950881958
0.16954541206359863
0.14009618759155273
0.13017010688781738

13-th iteration:
0.15961551666259766
0.14026236534118652
0.12989521026611328
0.14995694160461426
0.16351628303527832
0.15633130073547363
0.13993144035339355
0.14007115364074707
0.12990164756774902
0.149611234664917
0.14035439491271973
0.159942626953125
0.13975310325622559
0.14002466201782227
0.14055848121643066

14-th iteration:
0.13895392417907715
0.1401510238647461
0.15999269485473633
0.1498394012451172
0.1498570442199707
0.15987586975097656
0.13013219833374023
0.13991570472717285
0.12984561920166016
0.13035798072814941
0.12980079650878906
0.13993477821350098
0.15988922119140625
0.13996458053588867
0.17990660667419434

15-th iteration:
0.13180232048034668
0.12786149978637695
0.15043950080871582
0.13959431648254395
0.1341080665588379
0.125838041305542
0.12984800338745117
0.12994790077209473
0.1302797794342041
0.15909528732299805
0.14418506622314453
0.17793607711791992
0.1383228302001953
0.130157470703125
0.1499946117401123

16-th iteration:
0.14974212646484375
0.13976168632507324
0.14018797874450684
0.12977862358093262
0.12950491905212402
0.12044143676757812
0.16040921211242676
0.12947797775268555
0.13978314399719238
0.14121580123901367
0.13934850692749023
0.13968443870544434
0.16982293128967285
0.14055395126342773
0.13960552215576172

17-th iteration:
0.12940382957458496
0.13299298286437988
0.12712740898132324
0.16013216972351074
0.15985560417175293
0.15045475959777832
0.16939067840576172
0.1497189998626709
0.13991641998291016
0.1407334804534912
0.13946080207824707
0.12956571578979492
0.15018081665039062
0.15957236289978027
0.14031362533569336

18-th iteration:
0.1307523250579834
0.1291193962097168
0.13011860847473145
0.1296992301940918
0.16081023216247559
0.16907429695129395
0.13073039054870605
0.12935090065002441
0.13018131256103516
0.1297760009765625
0.16060519218444824
0.15965008735656738
0.1497206687927246
0.12920689582824707
0.14075803756713867

19-th iteration:
0.13976597785949707
0.14989042282104492
0.13022923469543457
0.1605517864227295
0.14925289154052734
0.15009665489196777
0.16984319686889648
0.14981913566589355
0.12995243072509766
0.12995433807373047
0.13999128341674805
0.13001346588134766
0.14020681381225586
0.15034770965576172
0.15937137603759766

20-th iteration:
0.1296529769897461
0.12989115715026855
0.15005040168762207
0.1499788761138916
0.13017630577087402
0.1600053310394287
0.15976572036743164
0.17019128799438477
0.13960838317871094
0.15373826026916504
0.12629342079162598
0.12984228134155273
0.13110923767089844
0.13895106315612793
0.1600949764251709

