1-th iteration:
0.15930795669555664
0.1502997875213623
0.1499936580657959
0.1704092025756836
0.17052936553955078
0.15230345726013184
0.1665959358215332
0.17074108123779297
0.20268821716308594
0.23886942863464355
0.18810081481933594
0.16979646682739258
0.13874053955078125
0.16090822219848633
0.17070984840393066
0.21034741401672363
0.17880773544311523
0.17023062705993652
0.2001781463623047
0.1696910858154297

2-th iteration:
0.24979925155639648
0.19007635116577148
0.19290614128112793
0.1780862808227539
0.1807999610900879
0.15651440620422363
0.1501164436340332
0.1700115203857422
0.21146345138549805
0.18984079360961914
0.16976451873779297
0.19238662719726562
0.17760586738586426
0.18233251571655273
0.18746685981750488
0.18965721130371094
0.16033148765563965
0.209885835647583
0.1628124713897705
0.16794800758361816

3-th iteration:
0.18893027305603027
0.17007851600646973
0.15980315208435059
0.18048644065856934
0.16988015174865723
0.1595301628112793
0.17041492462158203
0.17293453216552734
0.1564633846282959
0.16037821769714355
0.17171621322631836
0.18816018104553223
0.17971158027648926
0.2100837230682373
0.19381427764892578
0.21890592575073242
0.17693042755126953
0.16991209983825684
0.17358112335205078
0.2665681838989258

4-th iteration:
0.19956755638122559
0.18034124374389648
0.1594235897064209
0.2131481170654297
1.1573121547698975
0.5897321701049805
0.5995614528656006
0.5399363040924072
0.46976184844970703
0.37309932708740234
0.15693378448486328
0.17981624603271484
0.17018985748291016
0.1626896858215332
0.177168607711792
0.17011308670043945
0.27046799659729004
0.1641392707824707
0.18573379516601562
0.2135014533996582

5-th iteration:
0.259258508682251
0.24588894844055176
0.16074228286743164
0.3103153705596924
0.3695096969604492
0.22977089881896973
0.17330336570739746
0.16651606559753418
0.17531180381774902
0.20614933967590332
0.178391695022583
0.18258261680603027
0.22717809677124023
0.15983963012695312
0.14995861053466797
0.1632990837097168
0.16818976402282715
0.14878439903259277
0.15044760704040527
0.13919758796691895

6-th iteration:
0.1724233627319336
0.16029763221740723
0.16901659965515137
0.16788792610168457
0.159407377243042
0.20777559280395508
0.1632370948791504
0.25260472297668457
0.1868915557861328
0.17017388343811035
0.17047524452209473
0.1521453857421875
0.21697068214416504
0.15045619010925293
0.17064356803894043
0.18117141723632812
0.17746353149414062
0.16997122764587402
0.1699368953704834
0.16057372093200684

7-th iteration:
0.16938304901123047
0.17109370231628418
0.15877819061279297
0.16987967491149902
0.14964509010314941
0.16092681884765625
0.1508772373199463
0.14873099327087402
0.18121647834777832
0.5480878353118896
0.19943523406982422
0.17184901237487793
0.1786665916442871
0.15047860145568848
0.1599435806274414
0.1506645679473877
0.16103506088256836
0.4206373691558838
0.18727755546569824
0.19049286842346191

8-th iteration:
0.13891196250915527
0.17961478233337402
0.20014619827270508
0.31044578552246094
0.16937613487243652
0.1841905117034912
0.2563295364379883
0.18013691902160645
0.15944647789001465
0.1909928321838379
0.18972420692443848
0.19115471839904785
0.14882874488830566
0.14901995658874512
0.1499490737915039
0.17003178596496582
0.17964410781860352
0.20151853561401367
0.24162077903747559
0.3672146797180176

9-th iteration:
0.21019482612609863
0.290391206741333
0.38902950286865234
0.2603902816772461
0.19097113609313965
0.1384429931640625
0.15333843231201172
0.21660423278808594
0.16988754272460938
0.18007397651672363
0.1714162826538086
0.16823148727416992
0.16019201278686523
0.16988849639892578
0.15998554229736328
0.3393900394439697
0.17060327529907227
0.19239425659179688
0.197235107421875
0.3844001293182373

10-th iteration:
0.21309757232666016
0.202880859375
0.20101642608642578
0.1609201431274414
0.18723082542419434
0.1893320083618164
0.17088961601257324
0.20128941535949707
0.16313576698303223
0.15468239784240723
0.27438879013061523
2.2355849742889404
1.0904018878936768
0.16134405136108398
0.18022513389587402
0.18932080268859863
0.22852373123168945
0.19002699851989746
0.18610548973083496
0.17333102226257324

11-th iteration:
0.17035388946533203
0.1904892921447754
0.17063021659851074
0.16819262504577637
0.21025490760803223
0.3805391788482666
0.1794745922088623
0.15991902351379395
0.2199079990386963
0.2592306137084961
0.39125990867614746
0.18093562126159668
0.24833321571350098
0.21020722389221191
0.16078758239746094
0.1801776885986328
0.17233777046203613
0.1676933765411377
0.15029406547546387
0.14834022521972656

12-th iteration:
0.18134236335754395
0.15906405448913574
0.1719653606414795
0.16880178451538086
0.16253662109375
0.21589946746826172
0.16884779930114746
0.17394089698791504
0.17713713645935059
0.1597118377685547
0.2000124454498291
0.16160917282104492
0.15827059745788574
0.18089532852172852
0.17913317680358887
0.1679692268371582
0.1819148063659668
0.15979242324829102
0.18027210235595703
0.18072032928466797

13-th iteration:
0.17913508415222168
0.1797163486480713
0.182938814163208
0.16698098182678223
0.17987656593322754
0.1699376106262207
0.20348215103149414
0.19929003715515137
0.1700599193572998
0.15973687171936035
0.1571669578552246
0.16012215614318848
0.16007018089294434
0.1908857822418213
0.18899846076965332
0.18123912811279297
0.1681509017944336
0.19042277336120605
0.1600782871246338
0.16984057426452637

14-th iteration:
0.21991872787475586
0.20974493026733398
0.14986681938171387
0.18984365463256836
0.17252159118652344
0.20815086364746094
0.19024443626403809
0.15984416007995605
0.1592400074005127
0.1728198528289795
0.18812870979309082
0.2098097801208496
0.17937898635864258
0.1793828010559082
0.17000079154968262
0.23168349266052246
0.2387688159942627
0.1694655418395996
0.1805434226989746
0.3692331314086914

15-th iteration:
2.0003585815429688
0.16089534759521484
0.1589493751525879
0.23089122772216797
0.18844127655029297
0.18214082717895508
0.17738556861877441
0.2001936435699463
0.15108394622802734
0.1596686840057373
0.17960309982299805
0.3343193531036377
0.15538978576660156
0.16970038414001465
0.1699082851409912
0.24019813537597656
0.20225048065185547
0.16776108741760254
0.15972208976745605
0.1841421127319336

16-th iteration:
0.21040129661560059
0.18502068519592285
0.1706242561340332
0.19080424308776855
0.14876651763916016
0.14963269233703613
0.1714315414428711
0.19855666160583496
0.18467307090759277
0.2078263759613037
0.15798306465148926
0.173126220703125
0.15604662895202637
0.21020197868347168
0.4197845458984375
0.18974542617797852
0.16106176376342773
0.3291018009185791
0.20385169982910156
0.1663212776184082

17-th iteration:
0.15948867797851562
0.15984034538269043
0.19099140167236328
0.16898417472839355
0.1601269245147705
0.1809525489807129
0.3287627696990967
0.22214055061340332
0.14876747131347656
0.1291811466217041
0.1601417064666748
0.15971994400024414
0.16001367568969727
0.14093875885009766
0.15872645378112793
0.14034771919250488
0.14981508255004883
0.1500990390777588
0.15988874435424805
0.1693263053894043

18-th iteration:
0.13006854057312012
0.14007806777954102
0.13965320587158203
0.14009809494018555
0.15041875839233398
0.14985060691833496
0.14969396591186523
0.17009997367858887
0.13001155853271484
0.12947797775268555
0.13030695915222168
0.12972116470336914
0.13030409812927246
0.15992259979248047
0.14978957176208496
0.1301593780517578
0.1398158073425293
0.13087797164916992
0.16331911087036133
0.16805410385131836

19-th iteration:
0.1875596046447754
0.18978095054626465
0.1833488941192627
0.13664960861206055
0.1297004222869873
0.13030695915222168
0.14004111289978027
0.1498737335205078
0.15971136093139648
0.13011384010314941
0.15042448043823242
0.12946677207946777
0.12999773025512695
0.13994765281677246
0.15003180503845215
0.15006017684936523
0.18003535270690918
0.13962173461914062
0.13997960090637207
0.15009784698486328

20-th iteration:
0.15041327476501465
0.21298456192016602
0.33658456802368164
0.25974392890930176
0.2001504898071289
0.12967443466186523
0.12976813316345215
0.15034127235412598
0.17126202583312988
0.24823689460754395
0.2001035213470459
0.19013118743896484
0.1994173526763916
0.15768790245056152
0.16284871101379395
0.1698291301727295
0.1496741771697998
0.14044976234436035
0.12957358360290527
0.1500694751739502

