1-th iteration:
0.14315390586853027
0.1410815715789795
0.20059776306152344
0.18186378479003906
0.17779755592346191
0.17596220970153809
0.20357584953308105
0.13001513481140137
0.16070961952209473
0.15229105949401855
0.1272296905517578
0.16995453834533691
0.16001248359680176
0.14980244636535645
0.14998316764831543
0.13971590995788574
0.12978649139404297
0.13033699989318848
0.1501936912536621
0.17011141777038574
0.15973424911499023
0.1496565341949463
0.14996600151062012
0.16007423400878906
0.16992998123168945

2-th iteration:
0.16964316368103027
0.1499776840209961
0.16008353233337402
0.27982115745544434
0.17138338088989258
0.16833186149597168
0.17024588584899902
0.1712934970855713
0.16101765632629395
0.16813945770263672
0.20021963119506836
0.22019028663635254
0.19924545288085938
0.17176485061645508
0.16783547401428223
0.18974733352661133
0.1703794002532959
0.16309475898742676
0.17688488960266113
0.18956565856933594
0.18339848518371582
0.18668007850646973
0.18017077445983887
0.1501142978668213
0.15956711769104004

3-th iteration:
0.17010736465454102
0.16940855979919434
0.16021728515625
0.1598818302154541
0.17084598541259766
0.20075559616088867
0.20013189315795898
0.17856669425964355
0.1805579662322998
0.1792278289794922
0.1894528865814209
0.17281460762023926
0.15753483772277832
0.17040395736694336
0.17934870719909668
0.15179729461669922
0.16972851753234863
0.1590125560760498
0.14123916625976562
0.16867876052856445
0.15093779563903809
0.1600341796875
0.16833019256591797
0.13952088356018066
0.1706850528717041

4-th iteration:
0.17075800895690918
0.15911650657653809
0.16944527626037598
0.16134214401245117
0.13904166221618652
0.17933011054992676
0.16021394729614258
0.17997241020202637
0.15981411933898926
0.17050504684448242
0.17285752296447754
0.1559734344482422
0.16046380996704102
0.1799929141998291
0.230177640914917
0.24988198280334473
0.29009032249450684
0.2592911720275879
0.3914158344268799
0.18899846076965332
0.3097801208496094
0.3399350643157959
0.19951152801513672
0.19175386428833008
0.1585237979888916

5-th iteration:
0.14989924430847168
0.14960074424743652
0.17110514640808105
0.13921141624450684
0.13994503021240234
0.14069080352783203
0.14930939674377441
0.1297929286956787
0.13146495819091797
0.12837696075439453
0.13046598434448242
0.12957477569580078
0.1399836540222168
0.1499183177947998
0.15102195739746094
0.14885330200195312
0.12984919548034668
0.1297621726989746
0.1303243637084961
0.1298985481262207
0.14033031463623047
0.15945720672607422
0.16042494773864746
0.12976694107055664
0.1499640941619873

6-th iteration:
0.15106439590454102
0.14974308013916016
0.13874125480651855
0.17046856880187988
0.16964316368103027
0.15991759300231934
0.1529536247253418
0.16666007041931152
0.13005852699279785
0.1523439884185791
0.1684741973876953
0.14961957931518555
0.14945054054260254
0.12998151779174805
0.13036680221557617
0.13892579078674316
0.15036988258361816
0.13025808334350586
0.15995287895202637
0.15013933181762695
0.14943861961364746
0.12996268272399902
0.12995409965515137
0.1345534324645996
0.1352531909942627

7-th iteration:
0.1298525333404541
0.15993356704711914
0.14995074272155762
0.1402418613433838
0.12984204292297363
0.12935543060302734
0.13058209419250488
0.16037678718566895
0.15983033180236816
0.15982556343078613
0.14987897872924805
0.13010120391845703
0.12975168228149414
0.13007259368896484
0.13174915313720703
0.1581249237060547
0.15674877166748047
0.15343570709228516
0.1495957374572754
0.12995433807373047
0.1300058364868164
0.13006830215454102
0.14321208000183105
0.1367785930633545
0.15003037452697754

8-th iteration:
0.16005182266235352
0.1498258113861084
0.1396174430847168
0.1300191879272461
0.12970638275146484
0.13009929656982422
0.14033794403076172
0.1499171257019043
0.15984559059143066
0.1496138572692871
0.14051270484924316
0.12988519668579102
0.12977290153503418
0.13003087043762207
0.16971278190612793
0.1502699851989746
0.1666393280029297
0.1330118179321289
0.13019752502441406
0.12962007522583008
0.14022469520568848
0.12998294830322266
0.15988373756408691
0.13988804817199707
0.129807710647583

9-th iteration:
0.13183259963989258
0.1381392478942871
0.1538083553314209
0.17628836631774902
0.14994549751281738
0.1600055694580078
0.16005253791809082
0.15944337844848633
0.13089227676391602
0.1392371654510498
0.129730224609375
0.1602792739868164
0.1399524211883545
0.15058588981628418
0.15976881980895996
0.149611234664917
0.14992570877075195
0.1300640106201172
0.12941789627075195
0.15007734298706055
0.1703476905822754
0.15976381301879883
0.16018414497375488
0.13957500457763672
0.3802213668823242

10-th iteration:
0.1299285888671875
0.19132542610168457
0.18149423599243164
0.1667938232421875
0.16373395919799805
0.20604157447814941
0.14003801345825195
0.1397864818572998
0.1701514720916748
0.17997217178344727
0.13999009132385254
0.1499009132385254
0.13991332054138184
0.1796708106994629
0.1502540111541748
0.12979984283447266
0.15018486976623535
0.14976000785827637
0.1368110179901123
0.19319558143615723
0.15027546882629395
0.13965678215026855
0.12991642951965332
0.12985467910766602
0.14041519165039062

11-th iteration:
0.1597881317138672
0.15991735458374023
0.12981295585632324
0.1297147274017334
0.15015029907226562
0.12994980812072754
0.14018630981445312
0.16997957229614258
0.15508437156677246
0.14473962783813477
0.13002920150756836
0.13973259925842285
0.1501455307006836
0.16007018089294434
0.15979743003845215
0.1298832893371582
0.1397876739501953
0.1501474380493164
0.1714789867401123
0.18915987014770508
0.16988921165466309
0.16040849685668945
0.14903879165649414
0.13968634605407715
0.13999462127685547

12-th iteration:
0.150054931640625
0.14025187492370605
0.13985252380371094
0.1498873233795166
0.12984395027160645
0.1299123764038086
0.13980484008789062
0.13017702102661133
0.12976551055908203
0.1510465145111084
0.1487565040588379
0.13027596473693848
0.13042759895324707
0.1293632984161377
0.13136029243469238
0.17862200736999512
0.16002655029296875
0.1500546932220459
0.16021442413330078
0.13948631286621094
0.1304302215576172
0.13047456741333008
0.15899658203125
0.12985706329345703
0.15021991729736328

13-th iteration:
0.14973020553588867
0.15958333015441895
0.16007614135742188
0.2199704647064209
0.25999021530151367
0.29059362411499023
0.1894679069519043
0.12989234924316406
0.13019990921020508
0.13965082168579102
0.13962197303771973
0.13008999824523926
0.14044904708862305
0.15973639488220215
0.1540088653564453
0.17565631866455078
0.16025424003601074
0.13012957572937012
0.1292438507080078
0.14186501502990723
0.1484203338623047
0.1600813865661621
0.1395893096923828
0.139967679977417
0.2002723217010498

14-th iteration:
0.15158677101135254
0.14835119247436523
0.1698007583618164
0.17994189262390137
0.1505270004272461
0.13924622535705566
0.1400012969970703
0.12978434562683105
0.14011716842651367
0.17046642303466797
0.1596662998199463
0.17069649696350098
0.12902021408081055
0.12979650497436523
0.13024616241455078
0.12993097305297852
0.12974143028259277
0.15097713470458984
0.14946508407592773
0.17011284828186035
0.13968634605407715
0.15961456298828125
0.13994240760803223
0.1401510238647461
0.13998842239379883

15-th iteration:
0.14986681938171387
0.15032529830932617
0.12961387634277344
0.14981913566589355
0.14999866485595703
0.1301860809326172
0.14993619918823242
0.15979528427124023
0.15027070045471191
0.14985322952270508
0.13955330848693848
0.14017057418823242
0.13076329231262207
0.13872480392456055
0.14996671676635742
0.15996003150939941
0.1600022315979004
0.13021206855773926
0.12970829010009766
0.1301100254058838
0.12955522537231445
0.13013339042663574
0.14147543907165527
0.15893197059631348
0.1599745750427246

16-th iteration:
0.16181087493896484
0.13762116432189941
0.12999987602233887
0.14187836647033691
0.16795063018798828
0.14997434616088867
0.17016911506652832
0.1602919101715088
0.1293787956237793
0.12998199462890625
0.14002752304077148
0.14976263046264648
0.1401228904724121
0.17005109786987305
0.1400437355041504
0.14965558052062988
0.15598750114440918
0.13387060165405273
0.1300816535949707
0.15017151832580566
0.15985846519470215
0.14058923721313477
0.12931513786315918
0.1399545669555664
0.12977170944213867

17-th iteration:
0.12991881370544434
0.16022825241088867
0.1500546932220459
0.15970492362976074
0.1598062515258789
0.16011714935302734
0.12960076332092285
0.1305832862854004
0.12982439994812012
0.1531965732574463
0.1608138084411621
0.1884768009185791
0.19009065628051758
0.14688682556152344
0.14198708534240723
0.14785194396972656
0.13086414337158203
0.1305239200592041
0.1490161418914795
0.12977313995361328
0.13030648231506348
0.13930058479309082
0.14991140365600586
0.14001774787902832
0.15064358711242676

18-th iteration:
0.16178011894226074
0.1686568260192871
0.13900542259216309
0.12993407249450684
0.12996912002563477
0.12981939315795898
0.14024090766906738
0.16993260383605957
0.15980815887451172
0.12975645065307617
0.1302797794342041
0.13965916633605957
0.14006710052490234
0.13009095191955566
0.18162870407104492
0.12815451622009277
0.13913941383361816
0.18044066429138184
0.1303393840789795
0.14005565643310547
0.15993642807006836
0.14992785453796387
0.15058302879333496
0.15942740440368652
0.1600358486175537

19-th iteration:
0.15981292724609375
0.16199660301208496
0.15785789489746094
0.14971542358398438
0.15445709228515625
0.17836475372314453
0.16812562942504883
0.16095805168151855
0.18587279319763184
0.16225075721740723
0.181535005569458
0.16811585426330566
0.16570019721984863
0.16492629051208496
0.17932581901550293
0.16037774085998535
0.16962885856628418
0.1504991054534912
0.1492767333984375
0.16013169288635254
0.15972495079040527
0.19054007530212402
0.1498110294342041
0.15976452827453613
0.16029596328735352

20-th iteration:
0.14969635009765625
0.1487107276916504
0.1297755241394043
0.141066312789917
0.12996888160705566
0.12996625900268555
0.12975645065307617
0.1409766674041748
0.1393601894378662
0.1604139804840088
0.14012384414672852
0.15911340713500977
0.15967822074890137
0.15060877799987793
0.13990163803100586
0.16985201835632324
0.17002081871032715
0.14972543716430664
0.13992595672607422
0.12998342514038086
0.14015460014343262
0.1297588348388672
0.16019463539123535
0.16023564338684082
0.1600198745727539

