1-th iteration:
0.2672748565673828
1.1847078800201416
0.26598429679870605
0.4961585998535156
0.9690685272216797
0.9677433967590332
0.9665520191192627
1.183232307434082
0.49505186080932617
0.9684600830078125

2-th iteration:
0.24923181533813477
0.42945051193237305
0.42771196365356445
0.2466902732849121
0.7624509334564209
0.7584493160247803
0.7571773529052734
0.9278457164764404
0.7496488094329834
0.9213168621063232

3-th iteration:
0.44597673416137695
0.2675018310546875
0.8110353946685791
0.44306206703186035
0.2645385265350342
0.8052911758422852
0.8020429611206055
0.9448497295379639
0.7841312885284424
0.93306565284729

4-th iteration:
0.269512414932251
0.2676856517791748
0.4485316276550293
0.44400858879089355
0.7803404331207275
0.7835264205932617
0.7693359851837158
0.7646012306213379
0.9246582984924316
0.9237010478973389

5-th iteration:
0.2489771842956543
0.42041826248168945
0.2471458911895752
0.41631126403808594
0.7353425025939941
0.7354955673217773
0.7282435894012451
0.7334079742431641
0.9633502960205078
0.9574887752532959

6-th iteration:
0.24726629257202148
0.24679017066955566
0.7457699775695801
0.4159970283508301
0.7463228702545166
0.7432646751403809
0.4139742851257324
0.7406628131866455
0.9616203308105469
0.9564251899719238

7-th iteration:
0.7629032135009766
0.2597842216491699
0.42713427543640137
0.42542076110839844
0.2549469470977783
0.757378101348877
0.7535486221313477
0.9143409729003906
0.7476849555969238
0.906005859375

8-th iteration:
0.2551388740539551
0.41724729537963867
0.2545037269592285
0.7478890419006348
0.41361141204833984
0.743316650390625
0.7443597316741943
0.8879396915435791
0.7291769981384277
0.8739457130432129

9-th iteration:
0.7806806564331055
0.269519567489624
0.26514363288879395
0.4449026584625244
0.777087926864624
0.9432439804077148
0.43971681594848633
0.7703878879547119
0.7664356231689453
0.9311590194702148

10-th iteration:
0.44116997718811035
0.441176176071167
0.26505160331726074
0.7771196365356445
0.2636129856109619
0.7757461071014404
0.7735545635223389
0.7719955444335938
0.9417109489440918
0.932042121887207

11-th iteration:
0.42516136169433594
0.2695198059082031
0.2681443691253662
0.4226677417755127
0.7782886028289795
0.7778680324554443
0.7751882076263428
0.91975998878479
0.7607688903808594
0.9152557849884033

12-th iteration:
0.4582540988922119
0.25717926025390625
0.25539493560791016
0.45520591735839844
0.7555797100067139
0.7520759105682373
0.9087319374084473
0.747133731842041
0.8990781307220459
0.7388613224029541

13-th iteration:
0.2568624019622803
0.4069533348083496
0.25554895401000977
0.7272756099700928
0.40300440788269043
0.7234182357788086
0.7218930721282959
0.7058846950531006
0.8811821937561035
0.877979040145874

14-th iteration:
0.48794078826904297
0.48699331283569336
0.28682613372802734
0.286482572555542
0.827620267868042
1.007354497909546
0.8231430053710938
0.819105863571167
0.8175323009490967
0.9924838542938232

15-th iteration:
0.24293065071105957
0.24186444282531738
1.1026570796966553
1.1056301593780518
1.1049189567565918
1.105865240097046
0.5763154029846191
0.5865006446838379
1.2556111812591553
1.2516744136810303

16-th iteration:
0.2356560230255127
0.40120863914489746
0.2340691089630127
0.7708742618560791
0.39636826515197754
0.7681868076324463
0.7539432048797607
0.7616639137268066
0.9521067142486572
0.9483659267425537

17-th iteration:
0.2887580394744873
0.2871415615081787
0.447157621383667
0.7978537082672119
0.7963414192199707
0.4419560432434082
0.7905116081237793
0.7882132530212402
0.9628241062164307
0.961411714553833

18-th iteration:
0.21767139434814453
0.21740007400512695
0.3866140842437744
0.7190289497375488
0.3822495937347412
0.7133104801177979
0.7098143100738525
0.7054874897003174
0.8784594535827637
0.8754425048828125

19-th iteration:
0.4088735580444336
0.22693133354187012
0.22623419761657715
0.4051382541656494
0.7146785259246826
0.714287281036377
0.7079939842224121
0.7037680149078369
0.8786106109619141
0.8753354549407959

20-th iteration:
0.27081894874572754
0.43708229064941406
0.26915645599365234
0.7688660621643066
0.4330101013183594
0.7660601139068604
0.7611439228057861
0.7558314800262451
0.9069352149963379
0.902695894241333

