1-th iteration:
0.16170382499694824
0.15082907676696777
0.1298203468322754
0.1398921012878418
0.1299583911895752
0.1295168399810791
0.1726703643798828
0.1376171112060547
0.15067481994628906
0.13935613632202148

2-th iteration:
0.12917351722717285
0.1304001808166504
0.14986610412597656
0.14007067680358887
0.13977742195129395
0.15276479721069336
0.2072150707244873
0.14114022254943848
0.131500244140625
0.12729096412658691

3-th iteration:
0.12943768501281738
0.13104605674743652
0.15909862518310547
0.14040303230285645
0.12919259071350098
0.14020848274230957
0.13379335403442383
0.15621113777160645
0.1600334644317627
0.14981484413146973

4-th iteration:
0.1601858139038086
0.1405472755432129
0.12914490699768066
0.12979698181152344
0.12981271743774414
0.13003826141357422
0.13489341735839844
0.1753702163696289
0.15066289901733398
0.13924908638000488

5-th iteration:
0.12947940826416016
0.1501176357269287
0.17986822128295898
0.12992501258850098
0.1403961181640625
0.14979100227355957
0.1596536636352539
0.12969493865966797
0.1436305046081543
0.21944832801818848

6-th iteration:
0.23172760009765625
0.16593623161315918
0.17954802513122559
0.12952685356140137
0.13393330574035645
0.17613816261291504
0.12972187995910645
0.14021944999694824
0.15972423553466797
0.17029070854187012

7-th iteration:
0.1493988037109375
0.13004803657531738
0.12972307205200195
0.12971949577331543
0.13041210174560547
0.129913330078125
0.14004254341125488
0.16982173919677734
0.15981388092041016
0.1302180290222168

8-th iteration:
0.11969995498657227
0.14991092681884766
0.12944865226745605
0.13045644760131836
0.16042184829711914
0.1502082347869873
0.13971877098083496
0.14959979057312012
0.3708159923553467
0.1290431022644043

9-th iteration:
0.1318826675415039
0.15792155265808105
0.17027640342712402
0.1497189998626709
0.1498548984527588
0.12971758842468262
0.1504497528076172
0.1396627426147461
0.17027902603149414
0.17071986198425293

10-th iteration:
0.21755123138427734
0.1698610782623291
0.15033555030822754
0.15955686569213867
0.14024782180786133
0.1700456142425537
0.16986775398254395
0.16000819206237793
0.15224647521972656
0.12744975090026855

11-th iteration:
0.11977505683898926
0.1298832893371582
0.14037871360778809
0.1798102855682373
0.16016530990600586
0.14972543716430664
0.12991070747375488
0.1397409439086914
0.15038442611694336
0.12973952293395996

12-th iteration:
0.13995122909545898
0.15999794006347656
0.17023062705993652
0.13938522338867188
0.13012003898620605
0.12970519065856934
0.12987303733825684
0.18438720703125
0.17677831649780273
0.1593763828277588

13-th iteration:
0.12907624244689941
0.13000893592834473
0.13074111938476562
0.13924193382263184
0.1501617431640625
0.16971898078918457
0.17360138893127441
0.22628474235534668
0.13058161735534668
0.1493830680847168

14-th iteration:
0.16246867179870605
0.18744874000549316
0.211378812789917
0.17914581298828125
0.12903904914855957
0.16000699996948242
0.16004729270935059
0.13072919845581055
0.17932987213134766
0.14955782890319824

15-th iteration:
0.1703202724456787
0.15087246894836426
0.14876914024353027
0.12988877296447754
0.17038583755493164
0.12957239151000977
0.15998411178588867
0.1406087875366211
0.14900827407836914
0.13996076583862305

16-th iteration:
0.13018369674682617
0.13014841079711914
0.17982792854309082
0.16938304901123047
0.16148805618286133
0.19176793098449707
0.17735981941223145
0.16930222511291504
0.15032529830932617
0.13396000862121582

17-th iteration:
0.1358330249786377
0.1598799228668213
0.15975356101989746
0.1500566005706787
0.16116929054260254
0.1591646671295166
0.14063334465026855
0.17927837371826172
0.27093005180358887
0.2787148952484131

18-th iteration:
0.15964436531066895
0.2998976707458496
0.19257831573486328
0.2085115909576416
0.17744946479797363
0.15145516395568848
0.15027856826782227
0.17954111099243164
0.16106629371643066
0.18453502655029297

19-th iteration:
0.17430448532104492
0.14060616493225098
0.12904906272888184
0.1405799388885498
0.22040796279907227
0.21950864791870117
0.2191464900970459
0.1502680778503418
0.13098597526550293
0.13832497596740723

20-th iteration:
0.15016388893127441
0.13018178939819336
0.1603071689605713
0.21957874298095703
0.1400454044342041
0.1399097442626953
0.13985252380371094
0.13024663925170898
0.15103983879089355
0.15986943244934082

