1-th iteration:
0.1375885009765625
0.13017535209655762
0.14016103744506836
0.15004897117614746
0.1593024730682373

2-th iteration:
0.14006590843200684
0.12980103492736816
0.13050556182861328
0.13001394271850586
0.12945079803466797

3-th iteration:
0.14059782028198242
0.14931583404541016
0.15003204345703125
0.12956666946411133
0.12979388236999512

4-th iteration:
0.11992859840393066
0.12980914115905762
0.13023877143859863
0.12015509605407715
0.1501328945159912

5-th iteration:
0.14958643913269043
0.1497211456298828
0.130079984664917
0.13001561164855957
0.13971281051635742

6-th iteration:
0.12990045547485352
0.13000988960266113
0.14689302444458008
0.1732957363128662
0.14984440803527832

7-th iteration:
0.1296074390411377
0.1299152374267578
0.1300666332244873
0.13221096992492676
0.13788795471191406

8-th iteration:
0.14956331253051758
0.1600937843322754
0.15039920806884766
0.13095998764038086
0.128448486328125

9-th iteration:
0.12974095344543457
0.1300046443939209
0.13229751586914062
0.14779090881347656
0.15124201774597168

10-th iteration:
0.15860533714294434
0.1404726505279541
0.12922954559326172
0.12994980812072754
0.12969183921813965

11-th iteration:
0.1401529312133789
0.12997865676879883
0.13986849784851074
0.1402606964111328
0.13963603973388672

12-th iteration:
0.1295614242553711
0.13023829460144043
0.11994576454162598
0.1300978660583496
0.12976479530334473

13-th iteration:
0.13965487480163574
0.15123653411865234
0.14886140823364258
0.13002824783325195
0.12963199615478516

14-th iteration:
0.11980676651000977
0.13031649589538574
0.1298072338104248
0.14021539688110352
0.15010595321655273

15-th iteration:
0.15902423858642578
0.1304492950439453
0.13004422187805176
0.1397864818572998
0.13004136085510254

16-th iteration:
0.1303086280822754
0.1794905662536621
0.15023541450500488
0.14991474151611328
0.12974071502685547

17-th iteration:
0.12951183319091797
0.12046217918395996
0.1300048828125
0.12981414794921875
0.14026641845703125

18-th iteration:
0.14968585968017578
0.15987753868103027
0.1309809684753418
0.13866472244262695
0.13022470474243164

19-th iteration:
0.1353302001953125
0.12484502792358398
0.13959574699401855
0.16011667251586914
0.16971492767333984

20-th iteration:
0.12915658950805664
0.13042473793029785
0.13025403022766113
0.12982392311096191
0.12993645668029785

