1-th iteration:
0.24437499046325684
0.40447521209716797
0.4036233425140381
0.7667593955993652
0.2437279224395752
0.7650051116943359
1.4297223091125488
0.7660448551177979
1.4295079708099365
0.764094352722168
1.4297776222229004
1.430539846420288
1.7610702514648438
1.4231631755828857
1.4242181777954102
1.4228270053863525
1.7597057819366455
1.7588672637939453
1.7577488422393799
1.4201433658599854

2-th iteration:
0.2544116973876953
0.25301313400268555
0.42421555519104004
0.7358195781707764
0.4231574535369873
0.7307519912719727
0.7308557033538818
0.7285983562469482
1.4282488822937012
1.42374849319458
1.426131248474121
1.415381669998169
1.4170591831207275
1.4126827716827393
1.4109294414520264
1.4097316265106201
1.728959560394287
1.7284011840820312
1.7284936904907227
1.726773977279663

3-th iteration:
0.4117271900177002
0.41133999824523926
0.25057148933410645
0.2500760555267334
0.7720916271209717
0.7701809406280518
0.764639139175415
0.7612082958221436
1.715038537979126
1.7114787101745605
1.702167272567749
1.6974365711212158
1.6967217922210693
1.6934645175933838
1.6930031776428223
1.687422752380371
2.035569190979004
2.0373027324676514
2.0338103771209717
2.0339248180389404

4-th iteration:
0.7634313106536865
0.43376970291137695
0.253277063369751
0.25163722038269043
0.4295492172241211
0.7618131637573242
0.7584524154663086
0.7549610137939453
1.5139973163604736
1.511507272720337
1.5024654865264893
1.4965834617614746
1.4914047718048096
1.4922378063201904
1.4885013103485107
1.4880039691925049
2.2998595237731934
2.3002116680145264
2.2981622219085693
2.295644760131836

5-th iteration:
0.25165629386901855
0.2524995803833008
0.4297599792480469
0.43003416061401367
0.7747735977172852
0.7712571620941162
0.774019718170166
0.7722773551940918
1.5101861953735352
1.5179588794708252
1.5157718658447266
1.5099468231201172
1.5122222900390625
1.898862600326538
1.5138516426086426
1.512159824371338
1.8921682834625244
1.8879563808441162
1.503777027130127
1.8914718627929688

6-th iteration:
0.25936174392700195
0.2593381404876709
0.7794554233551025
0.7770512104034424
0.43649816513061523
0.4358670711517334
0.7729349136352539
0.7712907791137695
1.4485368728637695
1.4446303844451904
1.4482824802398682
1.4485840797424316
1.446457862854004
1.446096658706665
1.4459221363067627
1.4430441856384277
1.8159284591674805
1.8131763935089111
1.812462568283081
1.8108627796173096

7-th iteration:
0.25470590591430664
0.25368642807006836
0.4129934310913086
0.4122889041900635
0.7634742259979248
0.7617487907409668
0.7521684169769287
0.7502787113189697
1.4243617057800293
1.4340856075286865
1.4280099868774414
1.4303176403045654
1.426584243774414
1.4285259246826172
1.4260766506195068
1.7830708026885986
1.4221875667572021
1.7806763648986816
1.780665397644043
1.779679536819458

8-th iteration:
0.4714491367340088
0.4706547260284424
0.25756168365478516
1.6047544479370117
0.25638794898986816
0.8499233722686768
1.605591058731079
0.8461699485778809
1.5980432033538818
0.8412954807281494
1.5994837284088135
1.9666111469268799
1.598658800125122
1.5894343852996826
0.8398182392120361
1.5925266742706299
1.9637324810028076
1.59488844871521
1.9645323753356934
1.9644804000854492

9-th iteration:
0.409351110458374
0.23647832870483398
0.23589825630187988
0.7818887233734131
0.4063596725463867
0.7806735038757324
0.7808420658111572
1.4839904308319092
0.7783560752868652
1.4751522541046143
1.4700324535369873
1.4689548015594482
1.4651033878326416
1.4663350582122803
1.461266279220581
1.457218885421753
1.8146331310272217
1.8153607845306396
1.8142662048339844
1.814751386642456

10-th iteration:
0.4269139766693115
0.2646012306213379
0.7876696586608887
0.2638664245605469
0.4231553077697754
0.7858035564422607
0.7833280563354492
0.7811334133148193
1.5159311294555664
1.5155556201934814
1.51590895652771
1.5161314010620117
1.5075557231903076
1.512873888015747
1.5092155933380127
1.507371425628662
1.899423599243164
1.8948595523834229
1.8984911441802979
1.8948256969451904

11-th iteration:
0.25215911865234375
0.25040125846862793
0.43967652320861816
0.4380059242248535
0.8386986255645752
0.8372156620025635
0.8339991569519043
1.5807106494903564
0.823479413986206
1.5779688358306885
1.5790297985076904
1.5730271339416504
1.5744969844818115
1.5731120109558105
1.5675859451293945
1.9126389026641846
1.5671195983886719
1.9112858772277832
1.9109416007995605
1.907752513885498

12-th iteration:
0.23295235633850098
0.23291945457458496
0.7606194019317627
0.4203774929046631
0.7635343074798584
0.41706323623657227
1.4742891788482666
0.7563443183898926
1.460555076599121
1.4571304321289062
0.7375874519348145
1.45082688331604
1.449495792388916
1.4483082294464111
1.446098804473877
1.79703688621521
1.4433836936950684
1.7886872291564941
1.7913954257965088
1.790294885635376

13-th iteration:
0.43700385093688965
0.26795411109924316
0.2673952579498291
0.4360933303833008
0.7904636859893799
0.7886035442352295
0.7871711254119873
0.7888426780700684
1.544989824295044
1.5404667854309082
1.545363426208496
1.5410654544830322
1.5453705787658691
1.5434350967407227
1.5376567840576172
1.9218978881835938
1.540360689163208
1.9261159896850586
1.9239349365234375
1.9242417812347412

14-th iteration:
0.25321030616760254
0.2526874542236328
0.41377949714660645
0.7507996559143066
0.7484996318817139
0.7487614154815674
0.4062807559967041
1.436279058456421
0.7348382472991943
1.4299490451812744
1.4309155941009521
1.4275658130645752
1.426210880279541
1.4253764152526855
1.4232988357543945
1.4241583347320557
1.756669044494629
1.752488613128662
1.7524149417877197
1.7532804012298584

15-th iteration:
0.25453829765319824
0.44290828704833984
0.25246167182922363
0.4414713382720947
0.7985084056854248
0.7935144901275635
0.7903852462768555
1.5030105113983154
1.5034754276275635
0.7892239093780518
1.4982218742370605
1.4968876838684082
1.4970006942749023
1.499250888824463
1.4976580142974854
1.4961650371551514
1.8304729461669922
1.8350059986114502
1.8338074684143066
1.831603765487671

16-th iteration:
0.31989073753356934
0.3178257942199707
1.780289649963379
0.7062962055206299
1.0885441303253174
0.7039270401000977
1.7820672988891602
1.080293893814087
1.076179027557373
1.0764024257659912
1.767714262008667
1.7638685703277588
1.7624800205230713
1.7618739604949951
1.7580358982086182
1.759641170501709
2.1199607849121094
2.120147705078125
2.1197991371154785
2.1196846961975098

17-th iteration:
0.523003339767456
0.5221748352050781
0.6926367282867432
1.0345971584320068
0.6897711753845215
1.03006911277771
1.7325265407562256
1.030050277709961
1.0255937576293945
1.7317724227905273
1.7240171432495117
1.7205560207366943
1.7167351245880127
1.7124748229980469
1.7139356136322021
1.712172269821167
2.0451653003692627
2.0449485778808594
2.0418460369110107
2.0423851013183594

18-th iteration:
0.262157678604126
0.4314901828765869
0.2598423957824707
0.7821090221405029
0.7787797451019287
1.4924209117889404
0.7765088081359863
0.41175341606140137
1.4741156101226807
0.7615716457366943
1.4670939445495605
1.4625952243804932
1.4613604545593262
1.460710048675537
1.4558711051940918
1.4557380676269531
1.857680320739746
1.857130527496338
1.8552448749542236
1.8539550304412842

19-th iteration:
0.2638864517211914
0.43334054946899414
0.2598905563354492
0.7728898525238037
0.427659273147583
0.7682521343231201
0.75919508934021
1.4310293197631836
1.4268920421600342
1.4211921691894531
1.4247980117797852
1.4198226928710938
0.7493412494659424
1.4188625812530518
1.416179895401001
1.7802519798278809
1.4158282279968262
1.7817678451538086
1.779222011566162
1.779414415359497

20-th iteration:
0.26444387435913086
0.48296189308166504
0.26740360260009766
0.48024749755859375
0.8504283428192139
0.8430345058441162
0.8413827419281006
1.5190162658691406
0.8357417583465576
1.5166425704956055
1.8777952194213867
1.5121049880981445
1.512826919555664
1.5118815898895264
1.510284185409546
1.5114295482635498
1.5116777420043945
1.8725321292877197
1.8716316223144531
1.8688127994537354

