1-th iteration:
0.49927639961242676
0.2570018768310547
0.4000225067138672
0.19182467460632324
0.39954328536987305

2-th iteration:
0.42298412322998047
0.23718023300170898
0.5091726779937744
0.42112207412719727
0.2348935604095459

3-th iteration:
0.251528263092041
0.2501955032348633
0.4076838493347168
0.45217084884643555
0.40585780143737793

4-th iteration:
0.24434232711791992
0.24262499809265137
0.41156625747680664
0.4109327793121338
0.45327019691467285

5-th iteration:
0.28459882736206055
0.2851531505584717
0.5211005210876465
0.441819429397583
0.44097089767456055

6-th iteration:
0.25023984909057617
0.4402754306793213
0.24768829345703125
0.4375307559967041
0.5423109531402588

7-th iteration:
0.2714040279388428
0.42215681076049805
0.2692420482635498
0.4194314479827881
0.44893550872802734

8-th iteration:
0.24630212783813477
0.2453162670135498
0.4232790470123291
0.4225637912750244
0.5191841125488281

9-th iteration:
0.2898409366607666
0.4397432804107666
0.28911805152893066
0.4383890628814697
0.5139358043670654

10-th iteration:
0.2501504421234131
0.250058650970459
0.4091169834136963
0.497281551361084
0.4049224853515625

11-th iteration:
0.4596223831176758
0.2978098392486572
0.29734373092651367
0.45574498176574707
0.5294930934906006

12-th iteration:
0.39939260482788086
0.39865612983703613
0.47673797607421875
0.2486860752105713
0.2500944137573242

13-th iteration:
0.47231507301330566
0.27939462661743164
0.27899932861328125
0.4376497268676758
0.4353315830230713

14-th iteration:
0.2463212013244629
0.24491214752197266
0.3942689895629883
0.3928103446960449
0.42428088188171387

15-th iteration:
0.2631261348724365
0.5180354118347168
0.6598975658416748
0.5130429267883301
0.26102423667907715

16-th iteration:
0.5611977577209473
0.7471997737884521
0.7469403743743896
0.817706823348999
0.5569288730621338

17-th iteration:
0.24935698509216309
0.2464125156402588
0.40697550773620605
0.4065084457397461
0.48290109634399414

18-th iteration:
0.2894711494445801
0.4522120952606201
0.2880408763885498
0.4494340419769287
0.523684024810791

19-th iteration:
0.24819731712341309
0.5677263736724854
0.468977689743042
0.46781301498413086
0.24595880508422852

20-th iteration:
0.4098513126373291
0.407543420791626
0.2471604347229004
0.2468125820159912
0.44441914558410645

