1-th iteration:
0.14650321006774902
0.1688523292541504
0.1306140422821045
0.12977385520935059
0.13959479331970215
0.13368821144104004
0.14609122276306152
0.15109944343566895
0.16001486778259277
0.15951275825500488
0.1598823070526123
0.15988588333129883
0.1295771598815918
0.1410832405090332
0.12913990020751953

2-th iteration:
0.12993335723876953
0.13991832733154297
0.15992093086242676
0.16011786460876465
0.12978863716125488
0.12987065315246582
0.15019679069519043
0.1498875617980957
0.1398329734802246
0.16043400764465332
0.16181063652038574
0.16774249076843262
0.140045166015625
0.12976503372192383
0.12982726097106934

3-th iteration:
0.12963080406188965
0.13025355339050293
0.14020085334777832
0.1598520278930664
0.14974713325500488
0.13995885848999023
0.14007854461669922
0.1296992301940918
0.13039326667785645
0.17990779876708984
0.15964937210083008
0.1701977252960205
0.12984251976013184
0.1415119171142578
0.12860560417175293

4-th iteration:
0.13968873023986816
0.14977335929870605
0.21048665046691895
0.15981292724609375
0.1499645709991455
0.12953877449035645
0.14153838157653809
0.1288619041442871
0.13954448699951172
0.1503746509552002
0.16986775398254395
0.16006088256835938
0.13971877098083496
0.12982702255249023
0.12958979606628418

5-th iteration:
0.12996363639831543
0.13190388679504395
0.17962312698364258
0.1706547737121582
0.15874266624450684
0.16921639442443848
0.1562960147857666
0.1445446014404297
0.1494147777557373
0.18306374549865723
0.1572408676147461
0.15918636322021484
0.17197728157043457
0.18809819221496582
0.1802353858947754

6-th iteration:
0.1791856288909912
0.20226240158081055
0.1867058277130127
0.1211235523223877
0.1401376724243164
0.1297166347503662
0.15996408462524414
0.15996074676513672
0.16014456748962402
0.16013526916503906
0.14955401420593262
0.12996745109558105
0.1400153636932373
0.13001537322998047
0.13016939163208008

7-th iteration:
0.1299583911895752
0.14953231811523438
0.13005805015563965
0.1298351287841797
0.15559983253479004
0.153900146484375
0.1317424774169922
0.15897560119628906
0.1596364974975586
0.13073158264160156
0.13904476165771484
0.13038897514343262
0.12979578971862793
0.12995648384094238
0.13986492156982422

8-th iteration:
0.13956999778747559
0.1299757957458496
0.13009333610534668
0.13015198707580566
0.13076281547546387
0.14939045906066895
0.14979076385498047
0.15011811256408691
0.14992451667785645
0.14999723434448242
0.1598210334777832
0.1597919464111328
0.1300356388092041
0.1399521827697754
0.13098978996276855

9-th iteration:
0.15837550163269043
0.15053534507751465
0.16000008583068848
0.15967750549316406
0.13352036476135254
0.13631558418273926
0.14012789726257324
0.13991618156433105
0.1501021385192871
0.15988492965698242
0.17028379440307617
0.1600654125213623
0.1497361660003662
0.14989900588989258
0.13091301918029785

10-th iteration:
0.16913175582885742
0.1596996784210205
0.3896055221557617
0.13022303581237793
0.12976527214050293
0.17018795013427734
0.16100335121154785
0.14877653121948242
0.15016508102416992
0.16974329948425293
0.14020133018493652
0.13923907279968262
0.15037822723388672
0.12976336479187012
0.13081645965576172

11-th iteration:
0.15974020957946777
0.15912890434265137
0.1400606632232666
0.14122509956359863
0.13872647285461426
0.1502070426940918
0.12979769706726074
0.14003491401672363
0.15966200828552246
0.15657591819763184
0.12358856201171875
0.13935112953186035
0.13041973114013672
0.1303718090057373
0.15978479385375977

12-th iteration:
0.13997650146484375
0.15018081665039062
0.12944459915161133
0.12175869941711426
0.12820816040039062
0.1298539638519287
0.1407179832458496
0.17939209938049316
0.1501164436340332
0.170074462890625
0.12963557243347168
0.12927937507629395
0.16064977645874023
0.13097333908081055
0.1689896583557129

13-th iteration:
0.15990066528320312
0.16001296043395996
0.1599564552307129
0.1596691608428955
0.20290327072143555
0.18874073028564453
0.16867327690124512
0.1597888469696045
0.1897449493408203
0.1498730182647705
0.16729164123535156
0.12274622917175293
0.1496291160583496
0.15223217010498047
0.14820337295532227

14-th iteration:
0.15958452224731445
0.13010740280151367
0.13027143478393555
0.12952399253845215
0.16005897521972656
0.13982152938842773
0.14021086692810059
0.1599271297454834
0.13968110084533691
0.1300058364868164
0.12998533248901367
0.12980890274047852
0.1304340362548828
0.12954950332641602
0.15059781074523926

15-th iteration:
0.14939594268798828
0.15331482887268066
0.13644695281982422
0.12993812561035156
0.1498854160308838
0.13996171951293945
0.14005637168884277
0.14174461364746094
0.16762185096740723
0.15067672729492188
0.13965654373168945
0.18024373054504395
0.16245818138122559
0.1777656078338623
0.16945767402648926

16-th iteration:
0.1701059341430664
0.18673491477966309
0.1640796661376953
0.14940261840820312
0.16014528274536133
0.1390981674194336
0.1496899127960205
0.14041781425476074
0.1598682403564453
0.1299431324005127
0.12972593307495117
0.13061141967773438
0.12954354286193848
0.1299445629119873
0.1604900360107422

17-th iteration:
0.1595749855041504
0.17008471488952637
0.1395714282989502
0.1298363208770752
0.17010259628295898
0.13355255126953125
0.1268773078918457
0.14940237998962402
0.16039085388183594
0.14960074424743652
0.17963123321533203
0.13041377067565918
0.15001440048217773
0.12994623184204102
0.1510317325592041

18-th iteration:
0.33844470977783203
0.30013132095336914
0.2697114944458008
0.16004300117492676
0.16665935516357422
0.18393182754516602
0.14917707443237305
0.13000798225402832
0.13301730155944824
0.14345979690551758
0.1335618495941162
0.170058012008667
0.12975454330444336
0.1399834156036377
0.13000726699829102

19-th iteration:
0.1428072452545166
0.12746000289916992
0.1694478988647461
0.16121935844421387
0.1587512493133545
0.15215110778808594
0.15758657455444336
0.16121482849121094
0.15464115142822266
0.15431594848632812
0.18987011909484863
0.1598527431488037
0.15010905265808105
0.1296977996826172
0.13002920150756836

20-th iteration:
0.1296396255493164
0.14027833938598633
0.12997865676879883
0.13986873626708984
0.14025616645812988
0.16988801956176758
0.1399240493774414
0.12978744506835938
0.13978886604309082
0.1405036449432373
0.12944793701171875
0.14039063453674316
0.19983625411987305
0.12992095947265625
0.1312568187713623

