1-th iteration:
0.9518659114837646
0.9498863220214844
0.298567533493042
0.2982180118560791
0.5021469593048096
0.9507677555084229
0.5019185543060303
0.9472136497497559
1.8288724422454834
1.8202753067016602
1.827580451965332
1.826211929321289
1.8262276649475098
3.3616132736206055
1.8280797004699707
3.3767828941345215
3.3754823207855225
1.8258941173553467
3.373875617980957
3.376307725906372
3.370643377304077
3.367849588394165
1.8251376152038574
3.8062744140625
3.806838035583496
3.3717496395111084
3.368792772293091
3.804558753967285
3.8015732765197754
3.3711698055267334

2-th iteration:
0.3729684352874756
1.0936191082000732
0.6889989376068115
0.6868939399719238
1.0893030166625977
0.35945773124694824
1.082256555557251
1.0829815864562988
1.896120548248291
1.8946478366851807
1.8937468528747559
1.8936882019042969
1.8880589008331299
1.8886444568634033
3.2947332859039307
1.8839623928070068
1.8795907497406006
3.286297082901001
3.2851641178131104
3.2868058681488037
3.288334369659424
3.2873685359954834
3.2858102321624756
3.285954475402832
3.2833640575408936
3.8530802726745605
3.8504421710968018
3.281489133834839
3.8469793796539307
3.8461341857910156

3-th iteration:
0.3007650375366211
0.5337514877319336
0.2982766628265381
1.033414363861084
0.5297753810882568
1.02821683883667
1.0277888774871826
1.023676872253418
1.8483552932739258
1.8438384532928467
1.8408076763153076
1.8307099342346191
1.831634521484375
1.8261277675628662
1.825570821762085
3.04673433303833
1.8246991634368896
3.0462474822998047
3.0462586879730225
3.0390288829803467
3.0432932376861572
3.043224334716797
3.043492078781128
3.0419418811798096
3.0400874614715576
3.4365572929382324
3.437333106994629
3.436203956604004
3.436126232147217
3.0400640964508057

4-th iteration:
0.31729888916015625
0.5214169025421143
0.5212910175323486
0.89414381980896
0.892909049987793
0.8929443359375
0.8913013935089111
0.3092198371887207
1.720700979232788
1.7158098220825195
1.7169089317321777
1.7141916751861572
1.7125487327575684
1.710052490234375
1.7091798782348633
3.3347983360290527
1.7052147388458252
3.3219006061553955
3.311882495880127
3.318732738494873
3.3131263256073
3.3164830207824707
3.3141233921051025
3.3140852451324463
3.309169054031372
3.307583808898926
3.690056085586548
3.6887383460998535
3.6858272552490234
3.6860079765319824

5-th iteration:
0.2747690677642822
0.27379679679870605
0.8740167617797852
0.8769557476043701
0.4721202850341797
0.470186710357666
0.8689336776733398
0.865180253982544
1.6188578605651855
1.5995702743530273
1.6120338439941406
1.6033289432525635
1.6005241870880127
1.6010169982910156
1.6000795364379883
1.5973947048187256
2.741481304168701
2.7705070972442627
2.7634336948394775
2.768754243850708
3.1500983238220215
2.7688546180725098
2.766761064529419
2.76761531829834
2.765949010848999
2.763279676437378
3.148064613342285
2.7653348445892334
3.1459147930145264
3.1465744972229004

6-th iteration:
0.3804450035095215
1.1733336448669434
0.38042163848876953
2.046973943710327
0.6386559009552002
0.6375041007995605
2.0395917892456055
1.1613454818725586
1.1589913368225098
3.4771432876586914
2.032097816467285
3.0902373790740967
3.084671974182129
1.1499953269958496
3.0834498405456543
2.01806640625
2.0233235359191895
2.0127313137054443
3.464622735977173
3.4590375423431396
3.0751636028289795
2.0114965438842773
3.0715906620025635
3.063678503036499
3.457359552383423
2.0092403888702393
3.0704104900360107
3.0679409503936768
3.0684502124786377
3.064674139022827

7-th iteration:
0.25316905975341797
0.852013349533081
0.24807953834533691
0.4496273994445801
0.4487950801849365
1.7971148490905762
0.8432207107543945
0.8340697288513184
1.778787612915039
0.8230173587799072
1.7682995796203613
1.7648961544036865
2.911391258239746
1.766139268875122
2.9066953659057617
1.7618334293365479
1.7610042095184326
1.7576212882995605
2.9026331901550293
2.9040303230285645
2.9011518955230713
2.888847827911377
2.904487133026123
3.2623512744903564
2.90080189704895
2.903899669647217
3.2599363327026367
2.90236759185791
3.260175943374634
3.259153127670288

8-th iteration:
0.4394049644470215
0.4385037422180176
0.8182628154754639
0.2344975471496582
0.8145248889923096
0.813361406326294
0.2284090518951416
0.8096923828125
1.5603201389312744
1.5694780349731445
1.554429531097412
1.5558934211730957
1.5531842708587646
1.5531249046325684
1.5491299629211426
1.5465013980865479
2.5254664421081543
2.5228991508483887
2.519383430480957
2.5200719833374023
2.5158090591430664
2.999863386154175
2.9991369247436523
2.5172433853149414
2.9955551624298096
2.511228084564209
2.5182127952575684
2.516932725906372
2.5105302333831787
2.9951086044311523

9-th iteration:
0.8110759258270264
0.5031557083129883
1.2819063663482666
0.49870824813842773
1.2759861946105957
1.278710126876831
0.8022611141204834
3.217120409011841
3.2194883823394775
2.0739405155181885
2.11863112449646
3.2122795581817627
2.113503932952881
1.2596454620361328
2.0697081089019775
3.2088940143585205
2.112186908721924
3.211540699005127
3.210242509841919
2.103822708129883
2.107473611831665
3.206390619277954
3.204118251800537
2.1041576862335205
3.205960988998413
3.2043380737304688
3.6614716053009033
3.6641597747802734
3.664130687713623
3.6644608974456787

10-th iteration:
0.2611958980560303
1.0307106971740723
0.25904059410095215
0.5290248394012451
0.5273654460906982
1.89947509765625
1.8995766639709473
1.020606517791748
1.016514539718628
1.895383596420288
1.0081446170806885
1.8838074207305908
1.8816454410552979
1.8780570030212402
1.8786039352416992
1.8766043186187744
3.055795192718506
3.0531511306762695
3.0552992820739746
3.0554163455963135
3.049778699874878
3.04498028755188
3.0473897457122803
3.047255754470825
3.0435855388641357
3.0418035984039307
3.4456543922424316
3.444124698638916
3.4452898502349854
3.441790819168091

11-th iteration:
0.5161862373352051
0.9955029487609863
0.3215796947479248
0.32138633728027344
0.9930832386016846
0.5110371112823486
0.9871203899383545
1.8022260665893555
0.9832732677459717
1.7995071411132812
1.853243350982666
1.8504064083099365
1.8394644260406494
1.839301586151123
1.8358685970306396
2.8169760704040527
1.835315465927124
2.822819709777832
2.8194713592529297
2.8182215690612793
2.815138816833496
2.820432186126709
3.2181715965270996
2.8188440799713135
2.817993402481079
2.816175937652588
3.2180800437927246
3.2165298461914062
3.2156407833099365
2.8143229484558105

12-th iteration:
0.44498443603515625
0.44481873512268066
0.26082396507263184
0.2590329647064209
0.8478102684020996
0.8477180004119873
0.8439438343048096
1.644071102142334
0.8420155048370361
1.6343083381652832
1.6782710552215576
1.6802101135253906
1.6792194843292236
2.9591851234436035
1.6748716831207275
2.9575557708740234
1.6732335090637207
2.9593594074249268
2.952061653137207
2.9504261016845703
2.9542653560638428
1.6654860973358154
2.951741933822632
3.351663112640381
2.9522101879119873
2.946521282196045
2.948819398880005
3.3500635623931885
3.3487372398376465
3.3440163135528564

13-th iteration:
0.3586924076080322
0.35161304473876953
1.0288326740264893
0.5868380069732666
0.5783939361572266
1.0251867771148682
1.026679277420044
1.0315337181091309
2.0310842990875244
2.024899482727051
2.0758490562438965
3.113297700881958
3.1165273189544678
3.1055808067321777
2.0598955154418945
3.101267099380493
3.105268716812134
2.0562329292297363
3.1033873558044434
3.1052663326263428
3.105869770050049
2.0565600395202637
3.103738784790039
3.102983236312866
2.056081771850586
3.46012544631958
3.4618186950683594
3.458995819091797
2.052436590194702
3.4603521823883057

14-th iteration:
0.2565736770629883
0.25690460205078125
0.4508662223815918
0.45037150382995605
0.85325026512146
0.8523664474487305
1.6798672676086426
0.8392949104309082
1.668691635131836
0.8294734954833984
1.6623637676239014
1.6616368293762207
1.6575477123260498
3.128525733947754
2.7103471755981445
2.7084529399871826
1.657792091369629
1.6505820751190186
1.64884352684021
2.7080678939819336
2.7004547119140625
2.7002716064453125
2.699247121810913
3.1213643550872803
3.1211142539978027
2.7034194469451904
2.7031733989715576
2.70015025138855
3.119389533996582
2.699815511703491

15-th iteration:
0.24895930290222168
0.24762225151062012
0.4524726867675781
0.8312845230102539
0.8304200172424316
0.8268265724182129
0.4473581314086914
0.8257734775543213
1.6861205101013184
2.7413952350616455
2.741997718811035
1.664304256439209
1.659074306488037
3.1525511741638184
2.730498790740967
2.7335712909698486
1.6589360237121582
2.7292065620422363
1.6595838069915771
1.657459020614624
2.720618486404419
1.6584208011627197
3.145530939102173
1.6565942764282227
2.727698802947998
3.142587661743164
2.7250049114227295
2.720003366470337
3.143184185028076
2.72421932220459

16-th iteration:
0.27803802490234375
0.48844408988952637
0.2770724296569824
0.487107515335083
0.8610234260559082
0.8585679531097412
0.8572533130645752
0.8461837768554688
1.6507501602172852
1.6493771076202393
1.6421809196472168
1.645958662033081
1.6286144256591797
1.638819932937622
1.6394312381744385
1.6370749473571777
2.754830837249756
2.747271776199341
2.754425048828125
2.756659984588623
2.754193067550659
2.7485361099243164
2.7495362758636475
2.749082088470459
2.7465898990631104
3.1537978649139404
3.155261278152466
2.744933605194092
3.1550509929656982
3.156095266342163

17-th iteration:
0.2860126495361328
1.6576170921325684
0.8516557216644287
0.852759599685669
0.2819840908050537
0.46634650230407715
0.8452231884002686
0.8413560390472412
0.4635739326477051
1.6522269248962402
1.654820203781128
1.6533169746398926
1.6438045501708984
1.6399321556091309
1.6392908096313477
2.63859224319458
2.6407947540283203
1.6384522914886475
2.6324238777160645
2.6361124515533447
2.6352620124816895
2.6281769275665283
2.631333112716675
3.0903096199035645
2.6237921714782715
2.628377676010132
3.0887346267700195
3.0877084732055664
3.0851573944091797
2.62347412109375

18-th iteration:
0.5323729515075684
0.317230224609375
0.31694459915161133
0.5286984443664551
0.9967465400695801
0.9946861267089844
1.8505785465240479
1.8465845584869385
1.8470053672790527
1.8361108303070068
0.9750261306762695
0.970757007598877
1.8209514617919922
1.8223206996917725
1.8231000900268555
3.0055415630340576
3.00297474861145
1.8230993747711182
3.0049824714660645
3.0033605098724365
3.0039525032043457
2.998823404312134
2.9927284717559814
2.993293285369873
2.9999701976776123
3.0003983974456787
3.5083630084991455
3.5100979804992676
3.5078392028808594
3.503988742828369

19-th iteration:
0.29847097396850586
0.4960145950317383
0.29654526710510254
0.9258356094360352
0.9303016662597656
0.9287610054016113
1.718782663345337
0.9262857437133789
0.4877181053161621
1.7684447765350342
1.7036869525909424
1.75199294090271
1.752819299697876
1.7533836364746094
1.7489755153656006
1.7493188381195068
2.7399110794067383
2.7346391677856445
2.7379519939422607
2.7379181385040283
2.7400965690612793
2.739644765853882
2.7342519760131836
2.735072374343872
2.733912467956543
2.734184980392456
3.1313536167144775
3.13030743598938
3.1280481815338135
3.129995107650757

20-th iteration:
0.9353444576263428
0.29430317878723145
0.9325659275054932
0.5026240348815918
0.5017855167388916
0.2904648780822754
0.9262006282806396
0.9257817268371582
1.787212610244751
1.7837653160095215
1.781325101852417
1.7729215621948242
1.7764997482299805
1.7788443565368652
1.7773795127868652
1.7771000862121582
2.9904377460479736
2.990034341812134
2.988593101501465
2.988662004470825
2.993673324584961
2.9911320209503174
2.9924187660217285
2.989910125732422
3.5595126152038574
2.992680072784424
2.991434335708618
3.559105396270752
3.559821605682373
3.5588760375976562

