1-th iteration:
0.3786039352416992
0.21336126327514648
1.4773521423339844
0.7447295188903809
1.474691390991211
0.7921566963195801
0.792771577835083
1.458508014678955
1.4735455513000488
1.4711406230926514
2.2279045581817627
0.21047616004943848
0.3746962547302246
0.7886583805084229
1.4715087413787842
2.238931179046631
1.4631998538970947
1.469210147857666
2.235454797744751
2.230384111404419
2.232999801635742
2.2342734336853027
2.2344977855682373
2.230973720550537
2.2341952323913574

2-th iteration:
0.21862506866455078
0.38777995109558105
0.7321827411651611
0.21610498428344727
0.38406801223754883
0.7268414497375488
0.7238118648529053
0.7228591442108154
1.5288972854614258
1.5244646072387695
1.5262835025787354
1.5196619033813477
2.2728826999664307
1.5224785804748535
1.5213191509246826
2.258070945739746
1.5191502571105957
2.2678568363189697
1.514937162399292
2.2647242546081543
2.277461290359497
2.2763757705688477
2.2758629322052
2.2625415325164795
2.2746658325195312

3-th iteration:
0.3698544502258301
1.0255215167999268
0.5660836696624756
0.9726810455322266
2.60282564163208
1.0259277820587158
1.7615609169006348
2.6039748191833496
2.5959506034851074
0.5628650188446045
1.7605233192443848
2.602494716644287
2.6009786128997803
0.36691784858703613
1.7596673965454102
2.5960376262664795
2.598682165145874
1.0208969116210938
1.756779432296753
2.600060224533081
1.7577242851257324
1.7569129467010498
2.5976176261901855
1.7533094882965088
1.7571113109588623

4-th iteration:
0.7425274848937988
0.21050333976745605
0.39446306228637695
0.2091076374053955
0.7383949756622314
0.3914215564727783
0.7369585037231445
0.7346010208129883
1.4727978706359863
1.4736039638519287
1.4723045825958252
1.470792293548584
1.467773675918579
1.4703247547149658
1.4659819602966309
1.4624996185302734
2.242612361907959
2.238464593887329
2.2352473735809326
2.2352802753448486
2.2315707206726074
2.2360284328460693
2.2356133460998535
2.2359225749969482
2.236051082611084

5-th iteration:
0.38939595222473145
0.389240026473999
0.21735405921936035
0.21614694595336914
0.7152845859527588
0.7123594284057617
0.7090752124786377
1.4357166290283203
1.4301295280456543
0.7015657424926758
1.4247958660125732
1.4202854633331299
1.424642562866211
1.4221057891845703
1.419524908065796
2.264050245285034
2.264406204223633
2.264585494995117
2.263808250427246
2.263535737991333
2.261976718902588
2.260751724243164
1.4140026569366455
2.2587246894836426
2.2583084106445312

6-th iteration:
1.559812068939209
0.19791722297668457
0.7605667114257812
0.7583408355712891
0.383373498916626
0.1977086067199707
0.7585306167602539
0.7586977481842041
1.5557382106781006
0.38245391845703125
1.5585665702819824
1.5571293830871582
1.5510759353637695
1.5528714656829834
1.556689739227295
1.5519371032714844
3.2756969928741455
3.2737038135528564
3.273766040802002
3.2704765796661377
3.2737627029418945
3.2716619968414307
3.2695069313049316
3.2673563957214355
3.262143850326538

7-th iteration:
0.2556734085083008
0.25572848320007324
1.5613138675689697
1.558882713317871
0.42237234115600586
0.42136096954345703
2.2986900806427
0.78043532371521
1.5581800937652588
0.7854328155517578
0.7803616523742676
1.5553550720214844
2.2964327335357666
1.5528278350830078
1.5529088973999023
1.5490350723266602
2.2959113121032715
2.2953104972839355
2.2945287227630615
2.29510498046875
0.7782213687896729
2.294481039047241
2.293473243713379
2.2933261394500732
1.549673318862915

8-th iteration:
0.45055532455444336
0.24614739418029785
0.24548864364624023
0.8107233047485352
0.4486212730407715
0.8090395927429199
0.8067958354949951
0.8067104816436768
1.6498668193817139
1.6681556701660156
1.6506893634796143
1.6677603721618652
1.6453933715820312
1.6446878910064697
1.6611313819885254
1.6600708961486816
2.6504099369049072
2.6443636417388916
2.6443393230438232
2.6307408809661865
2.634889841079712
2.6342008113861084
2.625967025756836
2.6285102367401123
2.623931884765625

9-th iteration:
1.3325419425964355
0.5857813358306885
0.34204602241516113
0.3407318592071533
1.3824958801269531
1.3803226947784424
0.5775718688964844
1.3718748092651367
2.00167179107666
2.004611015319824
1.9967091083526611
4.245053052902222
2.0024354457855225
1.996875286102295
1.9965386390686035
4.240105390548706
1.9951097965240479
4.233969449996948
4.230391263961792
4.231541395187378
4.234449148178101
1.9898180961608887
4.2329018115997314
4.227518320083618
4.2286131381988525

10-th iteration:
0.5427837371826172
0.5446710586547852
1.4609992504119873
1.4591684341430664
0.9069385528564453
0.8993833065032959
1.4459810256958008
1.4438838958740234
2.177551031112671
2.178673267364502
2.17370343208313
2.1681501865386963
2.1704094409942627
2.1660661697387695
2.1736888885498047
2.1717419624328613
2.938499927520752
2.9359419345855713
2.9377999305725098
2.9341793060302734
2.9369823932647705
2.937181234359741
2.9327962398529053
2.9286949634552
2.931356191635132

11-th iteration:
0.18139410018920898
0.18026471138000488
0.3329136371612549
0.3319573402404785
1.9281530380249023
0.63814377784729
0.6340343952178955
0.6288511753082275
0.6292827129364014
1.909895658493042
1.9123778343200684
1.907177448272705
1.9035027027130127
1.9069557189941406
1.9061994552612305
1.9014523029327393
2.7167232036590576
2.7151989936828613
2.714085578918457
2.7088072299957275
2.712616443634033
2.7120425701141357
2.7031753063201904
2.707432270050049
2.7092387676239014

12-th iteration:
0.23342394828796387
0.2322826385498047
0.41107654571533203
0.4098684787750244
0.7272210121154785
0.727078914642334
0.7231919765472412
0.7199857234954834
1.5801992416381836
1.5812525749206543
1.579667568206787
1.5804202556610107
2.440819501876831
1.5783133506774902
2.442345142364502
1.5770108699798584
1.5744009017944336
2.440009593963623
2.4328205585479736
2.4363930225372314
2.433199882507324
2.433429002761841
2.434452533721924
2.4247100353240967
1.566887378692627

13-th iteration:
1.7496154308319092
0.28530287742614746
0.28420186042785645
0.47310447692871094
2.5917673110961914
2.588688611984253
0.9285261631011963
1.747114658355713
0.46637964248657227
2.5829601287841797
1.7387607097625732
2.577077627182007
1.7377028465270996
0.9167981147766113
2.577039957046509
1.730027675628662
1.733025312423706
1.7335925102233887
2.565565824508667
2.567288875579834
0.9106042385101318
1.7298338413238525
0.8596851825714111
2.567335605621338
2.569585084915161

14-th iteration:
0.2248983383178711
0.8023157119750977
0.4090402126312256
0.8515255451202393
0.2207176685333252
0.40517354011535645
1.566709280014038
0.843947172164917
1.5577077865600586
1.5565402507781982
1.5540099143981934
0.8363852500915527
1.553548812866211
1.5507378578186035
1.5523693561553955
2.4162912368774414
1.5445764064788818
2.4152114391326904
2.417771577835083
2.418085813522339
2.414856433868408
2.411841869354248
2.4109137058258057
2.413463592529297
2.4116477966308594

15-th iteration:
0.20698928833007812
0.20653080940246582
0.39950132369995117
0.731663703918457
1.499056100845337
0.3973674774169922
0.7280926704406738
0.727574348449707
1.488867998123169
1.4884579181671143
1.4851350784301758
0.7129876613616943
2.2970943450927734
1.4822378158569336
1.4778757095336914
1.4750030040740967
2.297478675842285
1.475419282913208
2.293322801589966
2.2952122688293457
2.2898330688476562
2.2921946048736572
2.289750099182129
2.2860193252563477
2.289991617202759

16-th iteration:
0.22359251976013184
0.2239665985107422
0.3944282531738281
0.3915131092071533
0.767009973526001
0.7649116516113281
0.7649734020233154
0.7628848552703857
1.5067620277404785
1.5067322254180908
1.5052094459533691
1.49922776222229
1.5003750324249268
1.5019662380218506
1.4979050159454346
2.2935144901275635
1.4957695007324219
2.294811964035034
2.2895867824554443
2.291297197341919
2.2939136028289795
2.291134834289551
2.290238857269287
2.2846057415008545
2.288252353668213

17-th iteration:
0.3793172836303711
0.21195411682128906
0.2113964557647705
0.7260632514953613
0.3762943744659424
1.4757561683654785
0.7643399238586426
0.764190673828125
0.7616727352142334
1.4757394790649414
1.468407154083252
1.4686565399169922
1.4664831161499023
1.466747760772705
1.4632172584533691
2.283855438232422
1.4632768630981445
2.2921431064605713
2.295226573944092
2.289411783218384
2.2903497219085693
2.2900431156158447
2.2864418029785156
2.282092571258545
2.279564619064331

18-th iteration:
0.38005757331848145
0.21464991569519043
0.21302509307861328
0.3755316734313965
0.7277641296386719
0.7757735252380371
1.5128908157348633
0.7681875228881836
0.7662849426269531
1.5028557777404785
1.5442087650299072
1.537771463394165
1.5382945537567139
1.5363428592681885
1.5364751815795898
1.533482313156128
2.516608715057373
2.5101215839385986
2.5082273483276367
2.515071392059326
2.5106639862060547
2.5132381916046143
2.508315086364746
2.502396583557129
2.5090105533599854

19-th iteration:
0.3616971969604492
1.244452953338623
0.360365629196167
0.5753092765808105
1.2910094261169434
2.0659587383270264
0.5689177513122559
2.0613765716552734
2.9201316833496094
2.0585663318634033
2.919823169708252
1.278144359588623
2.910439968109131
2.050159215927124
2.0529837608337402
2.9102725982666016
2.9114372730255127
1.2716715335845947
2.908749580383301
2.0486435890197754
2.0478086471557617
2.9083991050720215
2.04009747505188
2.9064524173736572
2.9047279357910156

20-th iteration:
0.3125193119049072
0.3082265853881836
0.47886180877685547
0.47641491889953613
0.8617680072784424
0.8117599487304688
0.858342170715332
1.6872787475585938
0.852879524230957
1.6893436908721924
1.6837029457092285
1.6793627738952637
1.677074670791626
1.6771612167358398
1.674964189529419
1.6756136417388916
2.504359006881714
2.505119562149048
2.5028300285339355
2.5079708099365234
2.504796266555786
2.5032498836517334
2.5043294429779053
2.5016372203826904
2.5027241706848145

