1-th iteration:
0.25542521476745605
0.43577003479003906
0.7689440250396729
1.3894376754760742
0.7676753997802734
0.2539207935333252
1.3893988132476807
1.384394645690918
1.3703234195709229
1.386474847793579
1.3880186080932617
1.3865938186645508
0.7657387256622314
0.430694580078125
0.7618184089660645

2-th iteration:
0.2516493797302246
0.2515904903411865
0.41240835189819336
0.41108107566833496
0.7794387340545654
1.366102695465088
0.7700479030609131
0.7671020030975342
0.7638628482818604
1.3519775867462158
1.3494975566864014
1.3476862907409668
1.3482885360717773
1.3452558517456055
1.3452222347259521

3-th iteration:
0.27097630500793457
0.5076899528503418
0.2688779830932617
0.8803215026855469
0.5050079822540283
0.8775782585144043
0.8740696907043457
0.8604958057403564
1.570326566696167
1.5712575912475586
1.5646400451660156
1.560518503189087
1.560197353363037
1.5588600635528564
1.554107904434204

4-th iteration:
0.24990391731262207
0.25065159797668457
0.7756001949310303
0.41780900955200195
0.7747085094451904
0.4156982898712158
1.383284330368042
0.7666585445404053
1.3806650638580322
0.7595915794372559
1.372856855392456
1.3715271949768066
1.3682072162628174
1.3668568134307861
1.3668506145477295

5-th iteration:
0.24537324905395508
0.4138374328613281
0.7862465381622314
0.2434234619140625
0.7861988544464111
0.7826874256134033
0.7799654006958008
0.4062645435333252
1.4079744815826416
1.4083080291748047
1.4053759574890137
1.4045052528381348
1.395721435546875
1.3987500667572021
1.395796298980713

6-th iteration:
0.21997451782226562
0.2190546989440918
0.379016637802124
0.7291643619537354
0.3755791187286377
0.7259504795074463
0.7206430435180664
0.7173051834106445
1.3218448162078857
1.317185878753662
1.317373275756836
1.3100523948669434
1.3067095279693604
1.3048732280731201
1.3071446418762207

7-th iteration:
0.2655160427093506
0.446012020111084
0.2648336887359619
0.44335365295410156
1.1340632438659668
1.1334960460662842
1.131972312927246
1.1276800632476807
1.7464463710784912
1.7452960014343262
1.7370901107788086
1.7416913509368896
1.7400343418121338
1.7386753559112549
1.7352592945098877

8-th iteration:
0.291187047958374
0.29065632820129395
0.49024295806884766
0.8418824672698975
0.8394098281860352
0.4855790138244629
0.8353071212768555
1.459841012954712
0.8325152397155762
1.4466733932495117
1.4488356113433838
1.4453692436218262
1.4404609203338623
1.4392249584197998
1.4345042705535889

9-th iteration:
0.40947556495666504
0.2387838363647461
0.23717236518859863
0.4051229953765869
0.7673454284667969
0.7661347389221191
0.757368803024292
0.752871036529541
1.3864898681640625
1.3806068897247314
1.383363962173462
1.3818097114562988
1.383406400680542
1.3701059818267822
1.375314474105835

10-th iteration:
0.78033447265625
0.4177694320678711
0.25572729110717773
0.25550031661987305
0.41410255432128906
0.7737793922424316
0.771536111831665
1.444594383239746
1.4338600635528564
0.7578263282775879
1.4318716526031494
1.430732011795044
1.4290270805358887
1.4234843254089355
1.4260039329528809

11-th iteration:
0.2778916358947754
0.4469926357269287
0.2762870788574219
0.4459850788116455
0.8279774188995361
0.8237574100494385
0.824713945388794
0.8162260055541992
1.4700376987457275
1.4662768840789795
1.4623639583587646
1.4640083312988281
1.4564645290374756
1.456657886505127
1.4553256034851074

12-th iteration:
0.24651360511779785
0.4566650390625
0.24444127082824707
0.8054680824279785
0.8013770580291748
1.5064663887023926
0.4479341506958008
0.7919502258300781
1.495805025100708
1.4858953952789307
0.7813625335693359
1.483107566833496
1.4791138172149658
1.478900671005249
1.4757471084594727

13-th iteration:
0.40059590339660645
0.3994617462158203
0.22823667526245117
0.22781896591186523
0.7304275035858154
0.7278633117675781
0.7235913276672363
1.286531925201416
1.2803521156311035
0.7163112163543701
1.2742269039154053
1.2786669731140137
1.2778069972991943
1.2749195098876953
1.2753345966339111

14-th iteration:
0.4185600280761719
0.25882387161254883
0.2573063373565674
0.7387673854827881
0.4146840572357178
0.7351720333099365
0.7327988147735596
1.3324775695800781
0.7186200618743896
1.3187708854675293
1.3205671310424805
1.3151309490203857
1.3130011558532715
1.315375566482544
1.3121767044067383

15-th iteration:
0.2286231517791748
0.22824835777282715
0.38521409034729004
0.38459038734436035
0.7150261402130127
0.7117223739624023
0.7111966609954834
0.710038423538208
1.3186061382293701
1.3186161518096924
1.314056634902954
1.310157299041748
1.3112163543701172
1.308952808380127
1.3068618774414062

16-th iteration:
0.2278745174407959
0.39867329597473145
0.752418041229248
0.7506225109100342
0.22487783432006836
0.3924722671508789
0.7445526123046875
0.738304615020752
1.3279118537902832
1.320824146270752
1.3239192962646484
1.3165740966796875
1.3150715827941895
1.3172268867492676
1.3142409324645996

17-th iteration:
0.30667567253112793
0.30621337890625
0.5032768249511719
0.5022413730621338
0.8561925888061523
0.8538913726806641
0.8529233932495117
0.8425226211547852
2.0445826053619385
2.0413553714752197
2.0247673988342285
2.033844232559204
2.030822277069092
2.031134605407715
2.0319769382476807

18-th iteration:
0.3371763229370117
0.33688950538635254
1.572441577911377
0.9381279945373535
0.5365324020385742
0.533909797668457
0.9324061870574951
0.9276843070983887
1.5608417987823486
1.5600833892822266
1.5575611591339111
1.5514881610870361
0.9142954349517822
1.545931100845337
1.5446021556854248

19-th iteration:
0.2588655948638916
0.41880154609680176
0.25700926780700684
0.41622066497802734
0.7910377979278564
1.357731580734253
1.3531098365783691
0.7809655666351318
1.3477551937103271
0.7767078876495361
0.7756500244140625
1.3452019691467285
1.3437271118164062
1.3399271965026855
1.3355610370635986

20-th iteration:
0.7820568084716797
0.44811487197875977
0.26683688163757324
0.44583749771118164
1.3730487823486328
0.2631220817565918
0.7743644714355469
0.7735550403594971
0.7700545787811279
1.3574228286743164
1.357842206954956
1.3425476551055908
1.338578701019287
1.3417572975158691
1.3391895294189453

