1-th iteration:
0.14332008361816406
0.13067269325256348
0.12986183166503906
0.15984892845153809
0.16023015975952148
0.16029763221740723
0.13967275619506836
0.1401658058166504
0.13045811653137207
0.12919187545776367
0.1305866241455078
0.14996957778930664
0.14971399307250977
0.1599414348602295
0.14994502067565918
0.12989568710327148
0.15081048011779785
0.13894224166870117
0.39000606536865234
0.17041444778442383
0.1396191120147705
0.12993884086608887
0.13255047798156738
0.1373767852783203
0.12977933883666992

2-th iteration:
0.14198064804077148
0.1581096649169922
0.15992164611816406
0.12996673583984375
0.14113903045654297
0.13859248161315918
0.1296825408935547
0.12030363082885742
0.1301569938659668
0.1696920394897461
0.13983607292175293
0.1303551197052002
0.13966870307922363
0.13039517402648926
0.1395854949951172
0.1600818634033203
0.14981460571289062
0.16037821769714355
0.17013239860534668
0.14944219589233398
0.15009093284606934
0.1303539276123047
0.14978265762329102
0.1496269702911377
0.18028950691223145

3-th iteration:
0.1695845127105713
0.1396465301513672
0.1400604248046875
0.14015889167785645
0.13985848426818848
0.1499800682067871
0.16996288299560547
0.17990899085998535
0.15213561058044434
0.12797760963439941
0.14933085441589355
0.15028905868530273
0.14027643203735352
0.16954612731933594
0.13161683082580566
0.13888287544250488
0.16940784454345703
0.13046574592590332
0.15102839469909668
0.14871525764465332
0.15997815132141113
0.16002726554870605
0.17032194137573242
0.14943790435791016
0.13996505737304688

4-th iteration:
0.12966036796569824
0.1505749225616455
0.15942001342773438
0.17006444931030273
0.1700139045715332
0.16966938972473145
0.13004827499389648
0.14239978790283203
0.37763500213623047
0.1601557731628418
0.17970657348632812
0.1395101547241211
0.14085912704467773
0.1293032169342041
0.130082368850708
0.14036178588867188
0.1694645881652832
0.16010522842407227
0.13003182411193848
0.12980413436889648
0.12996387481689453
0.15954971313476562
0.17057013511657715
0.16989970207214355
0.15017223358154297

5-th iteration:
0.16947102546691895
0.13997316360473633
0.13987350463867188
0.14017987251281738
0.1517505645751953
0.14742112159729004
0.16098356246948242
0.17966914176940918
0.1298055648803711
0.1399550437927246
0.15037846565246582
0.1396033763885498
0.1200568675994873
0.1499474048614502
0.14997124671936035
0.16001272201538086
0.12942862510681152
0.14057111740112305
0.12954473495483398
0.1499931812286377
0.13018798828125
0.16990280151367188
0.23984503746032715
0.27048802375793457
0.3889346122741699

6-th iteration:
0.15186500549316406
0.4277970790863037
0.17310214042663574
0.14811348915100098
0.1590251922607422
0.12987256050109863
0.15010499954223633
0.15001296997070312
0.1499183177947998
0.1319446563720703
0.17771577835083008
0.13049721717834473
0.16014361381530762
0.16918110847473145
0.1604773998260498
0.17006230354309082
0.14962410926818848
0.1397402286529541
0.14995074272155762
0.13015389442443848
0.13004136085510254
0.1503744125366211
0.15955877304077148
0.15985631942749023
0.13397812843322754

7-th iteration:
0.14552068710327148
0.13028573989868164
0.12960600852966309
0.13006830215454102
0.1926429271697998
0.17737841606140137
0.2195448875427246
0.2304532527923584
0.1600341796875
0.14355134963989258
0.17661428451538086
0.15970230102539062
0.169907808303833
0.1598646640777588
0.1602625846862793
0.16966938972473145
0.15015125274658203
0.17146563529968262
0.20035505294799805
0.16774415969848633
0.15023279190063477
0.14005374908447266
0.13985061645507812
0.16147732734680176
0.1685500144958496

8-th iteration:
0.1899428367614746
0.16099786758422852
0.16826486587524414
0.1624000072479248
0.16911792755126953
0.1697099208831787
0.22661447525024414
0.19324517250061035
0.17897391319274902
0.16024470329284668
0.15932989120483398
0.17879056930541992
0.1734452247619629
0.15829968452453613
0.13935399055480957
0.13025641441345215
0.13977813720703125
0.13025641441345215
0.12991929054260254
0.13960790634155273
0.1493532657623291
0.15052151679992676
0.12902188301086426
0.1303424835205078
0.13026118278503418

9-th iteration:
0.1295030117034912
0.1311638355255127
0.158735990524292
0.1699230670928955
0.15979337692260742
0.15387630462646484
0.12633061408996582
0.15013575553894043
0.13185644149780273
0.1284792423248291
0.15001893043518066
0.1598210334777832
0.16299724578857422
0.1575298309326172
0.19936466217041016
0.2020740509033203
0.24993133544921875
0.2180938720703125
0.2000579833984375
0.14928936958312988
0.14014959335327148
0.17982792854309082
0.17046523094177246
0.18126344680786133
0.169844388961792

10-th iteration:
0.13892030715942383
0.15552067756652832
0.15359234809875488
0.14166712760925293
0.16845345497131348
0.1812736988067627
0.15856003761291504
0.12982988357543945
0.1298670768737793
0.12006521224975586
0.12993907928466797
0.12997221946716309
0.14003777503967285
0.16008448600769043
0.1595001220703125
0.13001370429992676
0.13007760047912598
0.1511073112487793
0.18307256698608398
0.20057058334350586
0.15664100646972656
0.15959548950195312
0.14014530181884766
0.13988256454467773
0.14986109733581543

11-th iteration:
0.12980365753173828
0.14002323150634766
0.1907329559326172
0.16933822631835938
0.18982267379760742
0.1497516632080078
0.15202784538269043
0.44800376892089844
0.1702561378479004
0.15974807739257812
0.16681551933288574
0.15296125411987305
0.17000603675842285
0.17037105560302734
0.1792159080505371
0.17053937911987305
0.15969133377075195
0.1435387134552002
0.1761016845703125
0.1606593132019043
0.1698007583618164
0.19029498100280762
0.18720507621765137
0.16223549842834473
0.16083860397338867

12-th iteration:
0.1687471866607666
0.16024470329284668
0.16086983680725098
0.14962029457092285
0.14920425415039062
0.1300339698791504
0.1298084259033203
0.1326155662536621
0.12750816345214844
0.13019633293151855
0.1798720359802246
0.15123987197875977
0.15824556350708008
0.1302812099456787
0.1397402286529541
0.1399400234222412
0.13000273704528809
0.16003155708312988
0.17154622077941895
0.19010233879089355
0.2081902027130127
0.18997430801391602
0.15038847923278809
0.20095324516296387
0.14861178398132324

13-th iteration:
0.16954255104064941
0.22031474113464355
0.17981481552124023
0.18952322006225586
0.1901404857635498
0.18018889427185059
0.2003161907196045
0.16035676002502441
0.14888954162597656
0.14010310173034668
0.15023207664489746
0.13983821868896484
0.15986204147338867
0.1299574375152588
0.15003156661987305
0.12990283966064453
0.14974236488342285
0.15035390853881836
0.16997194290161133
0.1598341464996338
0.14110589027404785
0.12853550910949707
0.15006232261657715
0.15009617805480957
0.16027617454528809

14-th iteration:
0.17961478233337402
0.28859424591064453
0.1711137294769287
0.201629638671875
0.16814756393432617
0.18043041229248047
0.18979835510253906
0.2298290729522705
0.16976213455200195
0.14058780670166016
0.12939786911010742
0.130141019821167
0.12971973419189453
0.13008451461791992
0.1602180004119873
0.15999174118041992
0.2094428539276123
0.13025522232055664
0.1303095817565918
0.1396784782409668
0.16222405433654785
0.12854647636413574
0.19023776054382324
0.1689586639404297
0.15166711807250977

15-th iteration:
0.1387169361114502
0.278972864151001
0.17126750946044922
0.14891314506530762
0.15028071403503418
0.14939284324645996
0.1499931812286377
0.12977910041809082
0.130295991897583
0.1496279239654541
0.17445945739746094
0.1559450626373291
0.1637580394744873
0.1872546672821045
0.26836228370666504
0.17293882369995117
0.18862271308898926
0.19180798530578613
0.27821993827819824
0.168809175491333
0.20030856132507324
0.16896581649780273
0.2310655117034912
0.19206619262695312
0.19041156768798828

16-th iteration:
0.2168290615081787
0.22982144355773926
0.14963126182556152
0.19609832763671875
0.16754913330078125
0.16621088981628418
0.1616365909576416
0.15993285179138184
0.19825530052185059
0.18026256561279297
0.1901707649230957
0.15942883491516113
0.19020986557006836
0.14021825790405273
0.16071343421936035
0.12894964218139648
0.16006779670715332
0.17972660064697266
0.14969968795776367
0.15037870407104492
0.14176535606384277
0.13796591758728027
0.15999317169189453
0.1999220848083496
0.18010401725769043

17-th iteration:
0.14964747428894043
0.13983941078186035
0.13996672630310059
0.14981627464294434
0.15021634101867676
0.17011165618896484
0.16008830070495605
0.13959646224975586
0.160658597946167
0.229752779006958
0.2293558120727539
0.17026686668395996
0.16011619567871094
0.16028332710266113
0.1493978500366211
0.13979887962341309
0.12995505332946777
0.14999866485595703
0.14005517959594727
0.1598198413848877
0.13997125625610352
0.1500098705291748
0.15999102592468262
0.13986873626708984
0.15017127990722656

18-th iteration:
0.14964985847473145
0.16009807586669922
0.1497964859008789
0.13989615440368652
0.14976119995117188
0.12988066673278809
0.1402747631072998
0.14002513885498047
0.18023204803466797
0.16950321197509766
0.16019654273986816
0.16991138458251953
0.13995671272277832
0.1606917381286621
0.14941787719726562
0.13992905616760254
0.1297159194946289
0.15395498275756836
0.16615819931030273
0.1624431610107422
0.20005083084106445
0.18728852272033691
0.1966257095336914
0.2057030200958252
0.27774930000305176

19-th iteration:
0.1753864288330078
0.17396974563598633
0.17006301879882812
0.15063977241516113
0.19180774688720703
0.1775052547454834
0.19995951652526855
0.19970083236694336
0.1802196502685547
0.16008591651916504
0.14978957176208496
0.17089509963989258
0.1394650936126709
0.14914441108703613
0.14035892486572266
0.15989065170288086
0.16031193733215332
0.19150114059448242
0.15996885299682617
0.140671968460083
0.16873908042907715
0.1585860252380371
0.18023467063903809
0.20136523246765137
0.18825221061706543

20-th iteration:
0.15955829620361328
0.13020730018615723
0.1499488353729248
0.1503300666809082
0.1597452163696289
0.16044139862060547
0.1501302719116211
0.12906694412231445
0.12998700141906738
0.1304457187652588
0.12952542304992676
0.22012615203857422
0.32985854148864746
0.24946355819702148
0.20043635368347168
0.13007879257202148
0.12944293022155762
0.1504225730895996
0.17056894302368164
0.15909695625305176
0.13152194023132324
0.13832974433898926
0.1297297477722168
0.1303272247314453
0.13004779815673828

