1-th iteration:
0.40698885917663574
0.21602988243103027
0.21520280838012695
0.513920783996582
0.40558457374572754

2-th iteration:
0.4697384834289551
0.26874613761901855
0.2679941654205322
0.42701292037963867
0.42397379875183105

3-th iteration:
0.2390913963317871
0.38695359230041504
0.2383894920349121
0.4291818141937256
0.38262104988098145

4-th iteration:
0.47424936294555664
0.2847273349761963
0.2829875946044922
0.5694069862365723
0.4703357219696045

5-th iteration:
0.22000670433044434
0.21953654289245605
0.36792516708374023
0.36688733100891113
0.40926146507263184

6-th iteration:
0.245208740234375
0.4347829818725586
0.5311002731323242
0.24086976051330566
0.4301767349243164

7-th iteration:
0.43013930320739746
0.28047847747802734
0.428570032119751
0.2774646282196045
0.4520089626312256

8-th iteration:
0.24462223052978516
0.39137744903564453
0.24384593963623047
0.3891310691833496
0.4855921268463135

9-th iteration:
0.3005712032318115
0.5473723411560059
0.29963207244873047
0.45697951316833496
0.45465826988220215

10-th iteration:
0.2300102710723877
0.23045778274536133
0.39980006217956543
0.4214446544647217
0.39811253547668457

11-th iteration:
0.2859072685241699
0.4450356960296631
0.28503966331481934
0.44254541397094727
0.5167109966278076

12-th iteration:
0.2609717845916748
0.4296438694000244
0.4284477233886719
0.25817155838012695
0.5150332450866699

13-th iteration:
0.27953648567199707
0.44934606552124023
0.27704310417175293
0.44677209854125977
0.5241134166717529

14-th iteration:
0.5686864852905273
0.27965617179870605
0.27829957008361816
0.4786205291748047
0.4765322208404541

15-th iteration:
0.2587752342224121
0.42018795013427734
0.2597537040710449
0.4237208366394043
0.45311546325683594

16-th iteration:
0.4387190341949463
0.26009082794189453
0.25841689109802246
0.4746067523956299
0.4341762065887451

17-th iteration:
0.24246525764465332
0.40724754333496094
0.4346747398376465
0.3984849452972412
0.23944640159606934

18-th iteration:
0.2522854804992676
0.2519500255584717
0.4313485622406006
0.43109726905822754
0.5180144309997559

19-th iteration:
0.249650239944458
0.40743446350097656
0.4071769714355469
0.24669933319091797
0.44504308700561523

20-th iteration:
0.43846988677978516
0.26819634437561035
0.2675745487213135
0.4750223159790039
0.43305015563964844

