1-th iteration:
0.26885461807250977
0.26871728897094727
0.5288403034210205
0.9360227584838867
0.5285375118255615
0.9331297874450684
0.9336497783660889
1.935241937637329
1.937598466873169
1.9384162425994873
1.9388835430145264
0.9316353797912598
1.9272465705871582
1.9366750717163086
1.9325902462005615
1.9346280097961426
2.9519340991973877
2.9497759342193604
2.9528050422668457
2.949152946472168
2.952934741973877
2.947110414505005
2.9499640464782715
2.9481918811798096
2.9512970447540283

2-th iteration:
0.19174766540527344
0.19078898429870605
0.36294078826904297
0.3629624843597412
0.7716853618621826
0.7712392807006836
0.7640092372894287
1.5863418579101562
1.5913500785827637
0.7603721618652344
1.5864975452423096
1.5847911834716797
1.5862557888031006
1.5832934379577637
1.577721118927002
2.3811235427856445
1.5741848945617676
2.3840837478637695
2.38421368598938
2.3801677227020264
2.3838512897491455
2.3835525512695312
2.3834314346313477
2.380324363708496
2.377708911895752

3-th iteration:
0.22886061668395996
0.41179633140563965
0.22793889045715332
0.4103353023529053
0.7466244697570801
0.7448999881744385
0.7438743114471436
0.7418427467346191
1.523909330368042
1.5168101787567139
1.5149900913238525
1.510725975036621
1.5037970542907715
1.510084629058838
1.5078246593475342
1.5044636726379395
2.3282437324523926
2.3330531120300293
2.331784725189209
2.3331093788146973
2.3258109092712402
2.331726312637329
2.33001446723938
2.3256125450134277
2.3299126625061035

4-th iteration:
0.2057020664215088
0.20460057258605957
0.3966665267944336
0.7615303993225098
0.39407896995544434
1.5774216651916504
0.7553508281707764
0.7508630752563477
0.7483482360839844
1.5682568550109863
1.5705053806304932
1.571521520614624
1.5699641704559326
2.3459718227386475
2.3456954956054688
1.5604398250579834
1.5624797344207764
2.338371515274048
2.336179494857788
2.3426308631896973
1.5607597827911377
2.340348243713379
2.338222026824951
2.339012861251831
2.337660312652588

5-th iteration:
0.7422149181365967
0.23844599723815918
0.7851114273071289
0.7849166393280029
0.2356739044189453
0.4355356693267822
0.43462538719177246
0.7791280746459961
1.4631528854370117
1.4548542499542236
1.4559390544891357
1.4538171291351318
1.4517805576324463
1.4496445655822754
2.186136484146118
1.4436912536621094
1.443655014038086
2.1787595748901367
2.1806936264038086
2.1778833866119385
2.172124147415161
2.1737210750579834
2.1789796352386475
2.177554130554199
2.176668405532837

6-th iteration:
0.22709345817565918
0.22647309303283691
0.3882749080657959
0.7198855876922607
0.3852555751800537
0.716961145401001
0.7151668071746826
1.509277105331421
1.5002446174621582
1.5032522678375244
1.503197193145752
0.7025837898254395
1.5023441314697266
1.5044996738433838
1.5034728050231934
1.5016624927520752
2.3337767124176025
2.343809127807617
2.3415262699127197
2.338879346847534
2.3410041332244873
2.338209867477417
2.3340604305267334
2.3395402431488037
2.3373916149139404

7-th iteration:
0.2653827667236328
0.4366779327392578
0.26488566398620605
0.4333608150482178
0.7876441478729248
0.7866103649139404
0.7814610004425049
0.7789785861968994
1.6462948322296143
1.6426594257354736
1.6435763835906982
1.6410412788391113
1.6361680030822754
1.6407215595245361
1.633836269378662
1.6352622509002686
2.4865307807922363
2.4908998012542725
2.4922261238098145
2.485903024673462
2.4917657375335693
2.489537000656128
2.4917151927948
2.488260507583618
2.488068103790283

8-th iteration:
0.23058080673217773
0.22988247871398926
0.41885995864868164
0.4180929660797119
0.834822416305542
0.831587553024292
0.8293595314025879
0.8281595706939697
1.7212579250335693
1.7024827003479004
1.7131602764129639
1.7053306102752686
1.7069718837738037
1.7034177780151367
1.7034978866577148
1.699000358581543
2.522639036178589
2.5065295696258545
2.5175364017486572
2.518172264099121
2.517012357711792
2.517155170440674
2.5146145820617676
2.512721538543701
2.514338493347168

9-th iteration:
0.4130516052246094
0.4127843379974365
0.7762355804443359
0.7800707817077637
1.5204424858093262
0.23201823234558105
0.7755436897277832
1.5159416198730469
1.5092954635620117
0.7686569690704346
0.22132110595703125
1.5089447498321533
1.506683588027954
2.3161849975585938
1.5061967372894287
1.4993510246276855
2.3139350414276123
1.5026650428771973
2.3075952529907227
2.3090829849243164
2.3062028884887695
2.3044583797454834
2.2973620891571045
2.3019161224365234
2.297398567199707

10-th iteration:
0.3755154609680176
0.3744778633117676
0.21193289756774902
0.21086955070495605
0.7395563125610352
0.7383639812469482
0.7367393970489502
0.7332310676574707
1.472360610961914
1.471585750579834
1.4654910564422607
1.4677505493164062
1.465569257736206
1.4636123180389404
1.459104061126709
1.4593381881713867
2.249601125717163
2.250249147415161
2.2479395866394043
2.2443130016326904
2.2466511726379395
2.2469167709350586
2.2394776344299316
2.2465696334838867
2.24337100982666

11-th iteration:
0.23517346382141113
0.23473644256591797
0.40949249267578125
0.4086623191833496
0.761791467666626
0.7599713802337646
0.7568302154541016
0.7487444877624512
1.4800961017608643
1.4769229888916016
1.473832607269287
1.472865343093872
1.4729280471801758
1.470970630645752
1.4690628051757812
1.4664719104766846
2.2651236057281494
2.258544683456421
2.2542672157287598
2.263573169708252
2.2605960369110107
2.2609052658081055
2.2620742321014404
2.262516736984253
2.2590866088867188

12-th iteration:
0.21444082260131836
0.21428132057189941
0.7245082855224609
0.38569068908691406
0.7253022193908691
1.4964170455932617
0.3821265697479248
0.7217469215393066
0.7149851322174072
1.493492603302002
1.4918467998504639
2.275317430496216
1.4922032356262207
1.4907653331756592
1.4918811321258545
2.2677054405212402
1.4897971153259277
1.4880447387695312
2.2686121463775635
2.2658259868621826
2.2650866508483887
2.262929916381836
2.2645747661590576
2.2670934200286865
2.267669677734375

13-th iteration:
0.22060728073120117
0.21768856048583984
0.4166581630706787
0.41539835929870605
0.8193137645721436
0.8613522052764893
0.8590357303619385
0.8560073375701904
1.6512041091918945
1.6583750247955322
1.659989356994629
1.6521220207214355
1.652951717376709
1.6540398597717285
1.6504456996917725
1.650892972946167
2.557063579559326
2.5585825443267822
2.5491936206817627
2.5518429279327393
2.5490689277648926
2.552534818649292
2.548743486404419
2.5517795085906982
2.5519025325775146

14-th iteration:
0.35499024391174316
0.3425719738006592
0.5529375076293945
0.8958194255828857
0.5503432750701904
0.8922038078308105
0.8912484645843506
1.6599617004394531
0.8768181800842285
1.6505413055419922
1.648176908493042
1.6436636447906494
1.6467385292053223
2.415497064590454
1.6422719955444336
1.638242244720459
1.640153408050537
2.410889148712158
2.4078638553619385
2.41326642036438
2.410377264022827
2.4044084548950195
2.410583019256592
2.409738779067993
2.4062082767486572

15-th iteration:
0.45091700553894043
0.44922566413879395
0.9679064750671387
0.639369010925293
0.6373121738433838
0.9652986526489258
0.9627442359924316
0.9538712501525879
1.73624849319458
1.7273147106170654
1.7295358180999756
1.72684907913208
1.7308259010314941
1.7258946895599365
1.723555326461792
1.7238030433654785
2.4933974742889404
2.4952340126037598
2.490114450454712
2.4875669479370117
2.4906604290008545
2.4867660999298096
2.484074354171753
2.478975534439087
2.4805750846862793

16-th iteration:
0.2087855339050293
0.20865941047668457
0.3860433101654053
0.38447070121765137
0.746140718460083
1.5394415855407715
0.7467997074127197
0.7440824508666992
1.5378761291503906
0.7434194087982178
1.5357344150543213
1.5350024700164795
1.5309791564941406
1.5289359092712402
1.527597188949585
2.3275859355926514
2.32710599899292
1.5278363227844238
2.323744773864746
2.3250179290771484
2.321057081222534
2.3244752883911133
2.3264338970184326
2.325223207473755
2.323751211166382

17-th iteration:
0.2088320255279541
0.2088642120361328
0.7229254245758057
0.3636589050292969
0.7198646068572998
0.3597452640533447
0.7157909870147705
0.7135686874389648
1.437129259109497
1.4339632987976074
1.4339470863342285
1.4289023876190186
1.4282474517822266
1.4287159442901611
1.4244680404663086
1.4228143692016602
2.1705873012542725
2.1632564067840576
2.1701912879943848
2.1671226024627686
2.161807060241699
2.162295341491699
2.15885066986084
2.160787343978882
2.1583430767059326

18-th iteration:
0.23425030708312988
0.3880786895751953
0.23304033279418945
0.7156903743743896
0.7155735492706299
0.38184165954589844
0.7112457752227783
0.7027873992919922
1.4468715190887451
1.447535753250122
1.4397618770599365
1.4392549991607666
1.443040370941162
1.4358534812927246
1.4360718727111816
1.4323248863220215
2.2530038356781006
2.2498035430908203
2.2481839656829834
2.2520647048950195
2.2522132396698
2.250183582305908
2.244259834289551
2.247286558151245
2.245783567428589

19-th iteration:
0.24708938598632812
1.017099142074585
0.24612092971801758
0.5980448722839355
1.0141849517822266
0.5961785316467285
1.850001335144043
1.007490873336792
1.0041589736938477
2.650635004043579
1.8386805057525635
1.8291535377502441
1.8302931785583496
1.8323190212249756
1.8290786743164062
1.8309433460235596
2.6411209106445312
1.8294739723205566
2.6424694061279297
2.638016700744629
2.6393725872039795
2.639361619949341
2.6380293369293213
2.640068531036377
2.633565902709961

20-th iteration:
0.7186522483825684
0.3645901679992676
0.20521807670593262
0.2038102149963379
0.3617100715637207
0.7107820510864258
1.6616859436035156
0.7080872058868408
0.7001738548278809
1.647278070449829
1.6499888896942139
1.6485724449157715
1.646097183227539
1.6429369449615479
1.6398851871490479
1.637967586517334
2.4737136363983154
2.460338830947876
2.472804546356201
2.4732367992401123
2.471459150314331
2.467048168182373
2.469512939453125
2.464085578918457
2.466846466064453

