1-th iteration:
0.14729070663452148
0.19050335884094238
0.12957286834716797
0.13033556938171387
0.15024185180664062
0.13959884643554688
0.16029644012451172
0.12950849533081055
0.1207420825958252
0.12935209274291992

2-th iteration:
0.12976741790771484
0.12990188598632812
0.12952470779418945
0.13035869598388672
0.12985968589782715
0.13033604621887207
0.14979314804077148
0.15952396392822266
0.13031792640686035
0.12966537475585938

3-th iteration:
0.13008594512939453
0.1300365924835205
0.12994384765625
0.1399080753326416
0.1602344512939453
0.16984939575195312
0.12987208366394043
0.11995339393615723
0.12996459007263184
0.12998342514038086

4-th iteration:
0.13975262641906738
0.1602025032043457
0.16201043128967285
0.1674497127532959
0.12998414039611816
0.1321563720703125
0.14797425270080566
0.13006043434143066
0.1314404010772705
0.1385207176208496

5-th iteration:
0.14976000785827637
0.159898042678833
0.12944626808166504
0.13051581382751465
0.12982749938964844
0.13001728057861328
0.1398634910583496
0.14996337890625
0.17282795906066895
0.157149076461792

6-th iteration:
0.12987852096557617
0.12997722625732422
0.15166091918945312
0.14827466011047363
0.12981033325195312
0.16013526916503906
0.15015769004821777
0.14929437637329102
0.13047432899475098
0.1302039623260498

7-th iteration:
0.12932348251342773
0.14020848274230957
0.13938093185424805
0.16061949729919434
0.1500866413116455
0.14975619316101074
0.15003299713134766
0.1297471523284912
0.1297905445098877
0.13029050827026367

8-th iteration:
0.13964152336120605
0.16023778915405273
0.15995407104492188
0.12986516952514648
0.13014745712280273
0.12972617149353027
0.12990784645080566
0.12968850135803223
0.1402726173400879
0.1701035499572754

9-th iteration:
0.17997026443481445
0.16021442413330078
0.13008451461791992
0.1294231414794922
0.12974071502685547
0.14001011848449707
0.13260698318481445
0.15760564804077148
0.16046524047851562
0.15923213958740234

10-th iteration:
0.14975500106811523
0.1309671401977539
0.12890100479125977
0.14017319679260254
0.17005467414855957
0.15010976791381836
0.15884828567504883
0.141754150390625
0.12873053550720215
0.13010692596435547

11-th iteration:
0.12983083724975586
0.14022016525268555
0.14995932579040527
0.15013504028320312
0.1393733024597168
0.1301579475402832
0.139695405960083
0.1299269199371338
0.13028359413146973
0.14012432098388672

12-th iteration:
0.1498889923095703
0.15983247756958008
0.13060712814331055
0.12909531593322754
0.13005733489990234
0.1503596305847168
0.13921308517456055
0.14023876190185547
0.15010619163513184
0.16016817092895508

13-th iteration:
0.12952280044555664
0.12972307205200195
0.12993097305297852
0.13369035720825195
0.1265392303466797
0.15030527114868164
0.16923785209655762
0.16040730476379395
0.12992095947265625
0.12990140914916992

14-th iteration:
0.13976192474365234
0.19015097618103027
0.13362884521484375
0.16652178764343262
0.15999817848205566
0.14945626258850098
0.1502821445465088
0.1296994686126709
0.15018796920776367
0.1320357322692871

15-th iteration:
0.1475200653076172
0.17023348808288574
0.18015456199645996
0.14954876899719238
0.13042759895324707
0.1294858455657959
0.14990496635437012
0.12019968032836914
0.16002535820007324
0.18339276313781738

16-th iteration:
0.15692758560180664
0.15913891792297363
0.1300368309020996
0.12980294227600098
0.14065051078796387
0.12945556640625
0.14014792442321777
0.12967872619628906
0.1301426887512207
0.16967153549194336

17-th iteration:
0.12993240356445312
0.1412980556488037
0.17898154258728027
0.14974355697631836
0.1597588062286377
0.13037610054016113
0.12968063354492188
0.1495358943939209
0.12032961845397949
0.14974474906921387

18-th iteration:
0.1506180763244629
0.15952610969543457
0.16003632545471191
0.15989947319030762
0.12845230102539062
0.14114594459533691
0.13016605377197266
0.12996578216552734
0.17005181312561035
0.16994452476501465

19-th iteration:
0.13134503364562988
0.15837669372558594
0.13002490997314453
0.13115477561950684
0.12975025177001953
0.16923999786376953
0.14824461936950684
0.12016892433166504
0.13979673385620117
0.13126206398010254

20-th iteration:
0.13974952697753906
0.13995051383972168
0.14884710311889648
0.16008734703063965
0.14983296394348145
0.16015219688415527
0.14058995246887207
0.12979912757873535
0.13539576530456543
0.12481474876403809

