1-th iteration:
0.8857250213623047
0.3242971897125244
0.5106356143951416
0.883882999420166
1.5385687351226807
1.5372979640960693
1.5384149551391602
1.537534236907959
0.8811919689178467
1.5381214618682861
1.5380756855010986
0.8818137645721436
0.32128143310546875
0.5064547061920166
1.533226728439331

2-th iteration:
0.7999253273010254
1.4343998432159424
0.46120524406433105
0.2666909694671631
0.26630234718322754
0.7992637157440186
0.4521975517272949
0.797818660736084
0.7923300266265869
1.4187729358673096
1.414844274520874
1.4138758182525635
1.404308557510376
1.4029502868652344
1.4020345211029053

3-th iteration:
0.21750283241271973
0.2175755500793457
0.3797774314880371
0.38022589683532715
0.744168758392334
0.744173526763916
1.308290719985962
1.305042028427124
0.7407736778259277
1.303781270980835
0.7404835224151611
1.306267499923706
1.3044228553771973
1.3057100772857666
1.3025195598602295

4-th iteration:
0.2581005096435547
0.25682973861694336
0.43404054641723633
0.7556419372558594
0.7560534477233887
0.43004298210144043
0.7523930072784424
1.3564167022705078
0.7447957992553711
1.3561491966247559
1.3493726253509521
1.35386061668396
1.3536622524261475
1.3543894290924072
1.3504300117492676

5-th iteration:
0.22600197792053223
0.41596269607543945
0.7989401817321777
0.22262883186340332
0.7957601547241211
0.41011857986450195
1.4096903800964355
0.7903420925140381
0.7859456539154053
1.409351110458374
1.4070379734039307
1.4018094539642334
1.4031002521514893
1.3991436958312988
1.3985569477081299

6-th iteration:
0.40906810760498047
0.407731294631958
0.22685861587524414
0.22530412673950195
0.7895255088806152
0.7850558757781982
0.7855417728424072
0.775444746017456
1.3464937210083008
1.3446078300476074
1.344099521636963
1.3421876430511475
1.340559482574463
1.3394956588745117
1.3383872509002686

7-th iteration:
0.24910283088684082
0.24873900413513184
0.4188845157623291
0.744898796081543
0.41910266876220703
0.7446374893188477
0.7434887886047363
1.3951337337493896
0.7419753074645996
1.392019271850586
1.3922982215881348
1.3957209587097168
1.3957223892211914
1.3940229415893555
1.3928439617156982

8-th iteration:
0.4387059211730957
0.25850605964660645
0.43677258491516113
0.2561767101287842
0.818256139755249
0.8139665126800537
0.8133301734924316
0.8103325366973877
1.6944923400878906
1.6923332214355469
1.682241439819336
1.6790845394134521
1.6786606311798096
1.6777236461639404
1.6775012016296387

9-th iteration:
0.29511141777038574
0.29557037353515625
0.8676154613494873
0.5238218307495117
0.8672280311584473
0.5231871604919434
0.866156816482544
0.8653652667999268
1.5135040283203125
1.5133922100067139
1.5146160125732422
1.5142674446105957
1.5166783332824707
1.5139169692993164
1.512763261795044

10-th iteration:
0.25972700119018555
0.42856311798095703
0.257246732711792
0.42578959465026855
0.7666528224945068
0.7632589340209961
0.7641191482543945
1.61051344871521
0.7528643608093262
1.6059510707855225
1.6023359298706055
1.5997486114501953
1.6007487773895264
1.5973687171936035
1.5979294776916504

11-th iteration:
0.24748873710632324
0.24556922912597656
0.4079751968383789
0.4051363468170166
0.7806746959686279
0.7696614265441895
0.7744936943054199
1.4094760417938232
1.394686222076416
0.7617855072021484
1.4043858051300049
1.4017088413238525
1.398702621459961
1.395068645477295
1.398451566696167

12-th iteration:
0.2243187427520752
0.22412562370300293
0.40410828590393066
0.40011048316955566
0.7801527976989746
0.7803394794464111
1.4511029720306396
0.7767770290374756
0.7724130153656006
1.4372565746307373
1.439150333404541
1.4366843700408936
1.4365761280059814
1.434030532836914
1.4331285953521729

13-th iteration:
0.24813461303710938
0.4072577953338623
0.24712753295898438
0.7657151222229004
0.4011349678039551
0.7628004550933838
0.7610487937927246
1.387871503829956
0.7550430297851562
1.3879094123840332
1.383878469467163
1.379152774810791
1.3774549961090088
1.375519037246704
1.3748688697814941

14-th iteration:
0.45838475227355957
0.2677922248840332
0.4574124813079834
0.8115088939666748
0.2639894485473633
0.8074991703033447
0.8067452907562256
0.8041801452636719
1.4538931846618652
1.450683355331421
1.4454171657562256
1.441044807434082
1.439178705215454
1.4375479221343994
1.437619924545288

15-th iteration:
0.26837921142578125
0.44738054275512695
0.2666356563568115
0.4460618495941162
0.8072445392608643
0.8017876148223877
1.403862476348877
0.7922565937042236
1.393883228302002
0.7882280349731445
1.3905038833618164
1.3866825103759766
1.3837647438049316
1.386897325515747
1.384126901626587

16-th iteration:
0.43668150901794434
0.2597787380218506
0.2578256130218506
0.8067383766174316
0.4349377155303955
0.8022682666778564
0.8011853694915771
0.8000366687774658
1.3866705894470215
1.376615047454834
1.3815443515777588
1.3796229362487793
1.377619743347168
1.3713648319244385
1.3740992546081543

17-th iteration:
0.8017516136169434
0.25972700119018555
0.42714881896972656
0.25780534744262695
1.4533936977386475
0.42420029640197754
0.7936723232269287
0.7818467617034912
0.7866384983062744
1.4517781734466553
1.4492995738983154
1.4447557926177979
1.4400842189788818
1.4332880973815918
1.4336180686950684

18-th iteration:
0.23854756355285645
0.23800873756408691
0.40680623054504395
0.40587377548217773
0.7531037330627441
0.750185489654541
0.7478961944580078
1.4093430042266846
0.7412958145141602
1.4001026153564453
1.3979456424713135
1.3999581336975098
1.3959739208221436
1.3951799869537354
1.3923859596252441

19-th iteration:
0.2487032413482666
0.4518270492553711
0.24567961692810059
0.4497334957122803
0.8865711688995361
0.8863255977630615
0.8843686580657959
1.4748003482818604
1.4759814739227295
0.8729498386383057
1.4701423645019531
1.4703638553619385
1.4659631252288818
1.4669945240020752
1.4647223949432373

20-th iteration:
0.27054262161254883
0.2687711715698242
0.4379456043243408
0.43603515625
0.7791793346405029
0.7737886905670166
0.7736153602600098
0.7658336162567139
1.3726534843444824
1.3727247714996338
1.3672723770141602
1.364572286605835
1.3617527484893799
1.3624541759490967
1.3589811325073242

