1-th iteration:
2.0114073753356934
0.9619672298431396
2.0169756412506104
0.25045251846313477
2.0179316997528076
0.5123367309570312
2.017943859100342
2.0171656608581543
3.3371238708496094
2.0150487422943115
3.3370158672332764
3.3350257873535156
3.3330628871917725
3.328253984451294
0.9588940143585205
3.330458402633667
3.332974910736084
0.245072603225708
0.9577949047088623
0.5061454772949219
0.9575870037078857
2.002790927886963
2.0099146366119385
3.327996015548706
3.3276607990264893
3.3240740299224854
3.8048579692840576
3.8038835525512695
3.8021185398101807
3.7961621284484863

2-th iteration:
0.9736394882202148
0.3073863983154297
0.30692315101623535
0.5254180431365967
2.0313477516174316
0.968501091003418
0.9631214141845703
0.5178124904632568
0.957932710647583
2.016841173171997
2.01202392578125
2.013568878173828
3.444328784942627
3.4340877532958984
3.4325995445251465
2.000250816345215
3.4325718879699707
2.0015523433685303
3.9082605838775635
3.4251227378845215
1.997100591659546
3.906810760498047
3.427849769592285
3.424753427505493
1.9946057796478271
3.90291166305542
3.425373077392578
3.4214060306549072
3.902390718460083
3.424665689468384

3-th iteration:
0.4309215545654297
0.4319329261779785
0.6729631423950195
0.6701064109802246
1.2840914726257324
2.3163042068481445
1.2786266803741455
1.2768409252166748
2.3091912269592285
2.3128392696380615
2.311241626739502
2.3082077503204346
2.308933734893799
2.302410364151001
2.2984845638275146
1.2594237327575684
3.5244784355163574
3.534453868865967
3.5312576293945312
3.5352509021759033
3.5324695110321045
3.5310938358306885
3.5323922634124756
3.5261240005493164
3.5302670001983643
4.226819038391113
4.225821256637573
3.5244438648223877
4.224973201751709
4.22240948677063

4-th iteration:
1.145726203918457
0.29382896423339844
0.5334365367889404
0.5325102806091309
0.28905749320983887
1.1438398361206055
1.1408371925354004
1.139021873474121
2.1919944286346436
2.1908817291259766
2.1893043518066406
2.1675002574920654
2.1790709495544434
2.1782212257385254
2.176530599594116
3.2574574947357178
2.174722671508789
3.2558586597442627
3.2549121379852295
3.249501943588257
3.2511818408966064
3.250960350036621
3.250406503677368
3.249657154083252
3.2491891384124756
3.2483975887298584
3.64516282081604
3.6426961421966553
3.6405320167541504
3.638563632965088

5-th iteration:
0.23391366004943848
0.23376154899597168
0.4185752868652344
0.41643834114074707
0.7703342437744141
0.7684404850006104
0.7671446800231934
0.7652802467346191
1.6585524082183838
1.6536474227905273
3.078489303588867
1.6359972953796387
1.6433844566345215
1.6400156021118164
1.6409263610839844
3.065930128097534
2.6727936267852783
1.639112949371338
1.6362476348876953
2.6785216331481934
2.6765265464782715
2.6781837940216064
3.0624310970306396
2.676780939102173
2.6728615760803223
2.6789133548736572
2.6779425144195557
2.6724460124969482
2.6761422157287598
3.0584752559661865

6-th iteration:
0.29875636100769043
0.9533398151397705
0.29649901390075684
0.9560215473175049
0.49469804763793945
0.49265480041503906
0.9501795768737793
3.707960605621338
2.059415340423584
2.004598617553711
0.935004711151123
1.9958012104034424
2.0464839935302734
3.68005108833313
2.0355606079101562
2.0378730297088623
2.0426886081695557
4.306513071060181
3.684966802597046
3.6870548725128174
3.6829347610473633
3.685086965560913
4.300952911376953
4.300853490829468
3.68440318107605
3.6827034950256348
3.6823043823242188
4.296448230743408
2.0274648666381836
3.681260824203491

7-th iteration:
0.2824525833129883
1.018378496170044
1.0093395709991455
0.5465161800384521
0.5458393096923828
0.2765624523162842
1.0104877948760986
2.0603737831115723
2.1051130294799805
2.057694673538208
0.9984769821166992
2.0970916748046875
2.0916504859924316
2.089958667755127
2.084831953048706
3.3301117420196533
3.3344438076019287
2.0774857997894287
3.3335416316986084
3.3369028568267822
3.332911491394043
3.329741954803467
3.3326833248138428
3.8084850311279297
3.3212087154388428
3.328465223312378
3.329401969909668
3.8028275966644287
3.8055384159088135
3.8037426471710205

8-th iteration:
0.27428221702575684
0.5159354209899902
0.26856231689453125
0.5137832164764404
1.1248855590820312
2.056407928466797
1.1182770729064941
2.0672099590301514
1.1172878742218018
2.0642378330230713
2.063015937805176
1.109618902206421
2.0564403533935547
3.274592638015747
2.048675298690796
3.280073404312134
2.050834894180298
3.2703428268432617
3.2739806175231934
2.0452144145965576
3.2657663822174072
3.267883777618408
3.2688534259796143
3.263561964035034
3.2678635120391846
3.6517374515533447
3.263705253601074
3.6498372554779053
3.6505982875823975
3.6510462760925293

9-th iteration:
0.9296066761016846
0.9263744354248047
1.4783310890197754
0.34024477005004883
0.33973145484924316
1.4747347831726074
1.4670453071594238
2.5917844772338867
1.4602124691009521
2.578213930130005
2.5616815090179443
4.034307479858398
2.56905198097229
2.5711147785186768
4.038574457168579
4.034168481826782
4.035855770111084
2.5706570148468018
4.032632112503052
2.5681874752044678
4.0334954261779785
4.030932903289795
4.032937526702881
2.564063787460327
4.030936002731323
4.024678468704224
4.501380920410156
4.508381366729736
4.506719589233398
4.505017995834351

10-th iteration:
0.25330495834350586
0.5429167747497559
0.2498619556427002
0.5429592132568359
3.267918586730957
2.0903756618499756
1.0649933815002441
1.0624432563781738
2.085017204284668
2.078920841217041
2.0799033641815186
2.075969934463501
2.0775387287139893
2.0719807147979736
2.0738046169281006
1.0462896823883057
1.0458898544311523
3.2476303577423096
3.245401620864868
3.2394471168518066
3.2442965507507324
3.2425148487091064
3.243919610977173
3.2352795600891113
3.2422969341278076
3.2388529777526855
3.7235465049743652
3.7209179401397705
3.7213642597198486
3.7192232608795166

11-th iteration:
0.35958433151245117
0.35942673683166504
0.6150083541870117
0.6112141609191895
1.1218104362487793
1.1150946617126465
1.1150012016296387
1.1122567653656006
2.015904664993286
2.0155372619628906
2.009202480316162
2.01171875
2.0104756355285645
2.0068519115448
3.671259641647339
2.0092735290527344
2.008754014968872
3.6749649047851562
3.6730592250823975
3.6677305698394775
3.6707305908203125
3.6678433418273926
3.6620826721191406
3.668229818344116
3.6694304943084717
4.055052042007446
4.0557074546813965
3.666745662689209
4.0541558265686035
4.054868221282959

12-th iteration:
0.5856790542602539
0.32152438163757324
0.31653618812561035
2.12546706199646
3.4172818660736084
0.577390193939209
3.418116331100464
1.1013166904449463
2.095165729522705
3.403085708618164
2.106715440750122
1.0889382362365723
1.087775707244873
2.0970094203948975
1.083662748336792
2.095684766769409
2.09612774848938
2.095795154571533
3.384324789047241
3.392362117767334
3.91448712348938
2.090865135192871
3.387721061706543
3.3887746334075928
3.390110731124878
3.388216972351074
3.9110240936279297
3.908615827560425
3.3877618312835693
3.910658359527588

13-th iteration:
0.31441760063171387
0.314133882522583
0.6553096771240234
0.6537494659423828
1.215982437133789
1.2066755294799805
4.162645578384399
2.493638277053833
2.4874155521392822
2.4850683212280273
3.7810440063476562
4.142065763473511
2.472716808319092
3.767998218536377
2.465402603149414
3.768328905105591
3.7595701217651367
3.7620937824249268
1.1853697299957275
3.7609658241271973
2.4656715393066406
2.463244915008545
4.132747650146484
3.7598254680633545
3.759711503982544
3.7609477043151855
1.1804437637329102
2.463663339614868
4.1292102336883545
3.7523200511932373

14-th iteration:
0.4916841983795166
0.2637453079223633
0.26284289360046387
0.9821197986602783
0.9818990230560303
0.48580408096313477
0.9768631458282471
1.9939379692077637
1.9882309436798096
1.98237943649292
1.9799761772155762
1.9755067825317383
1.9726030826568604
0.9530825614929199
1.9711837768554688
1.9687793254852295
3.2511708736419678
3.246234893798828
3.2463300228118896
3.2494730949401855
3.6891932487487793
3.2391183376312256
3.246216058731079
3.2458434104919434
3.242121696472168
3.241652488708496
3.681669235229492
3.235177993774414
3.6811633110046387
3.6813087463378906

15-th iteration:
0.3367884159088135
0.33545398712158203
0.6154236793518066
1.2469325065612793
1.2421848773956299
1.2443578243255615
0.6087677478790283
2.1796393394470215
1.2323763370513916
2.173529863357544
2.216327428817749
2.225442886352539
2.222325325012207
2.221586227416992
2.2176926136016846
2.218334197998047
3.61848783493042
3.6304099559783936
3.6327710151672363
3.632091522216797
3.6324799060821533
3.6301562786102295
3.6314585208892822
3.6298458576202393
3.628401756286621
4.173101186752319
4.173807621002197
4.171623706817627
4.1704230308532715
3.616753339767456

16-th iteration:
0.5851397514343262
0.3464975357055664
0.34170961380004883
0.583646297454834
1.0429606437683105
1.042973279953003
1.0400238037109375
1.0389416217803955
1.975675106048584
2.939791679382324
1.9288830757141113
1.927377700805664
1.9636850357055664
1.965019702911377
1.9644615650177002
1.9555737972259521
2.9283859729766846
1.9529492855072021
2.927492141723633
2.924121379852295
2.91984224319458
2.9254159927368164
2.9235706329345703
2.913475275039673
2.918755531311035
3.507173538208008
2.918259382247925
3.504871129989624
3.5034780502319336
3.504279851913452

17-th iteration:
0.8659639358520508
0.4699430465698242
0.2697286605834961
0.2672393321990967
0.4644501209259033
0.8577353954315186
0.8539919853210449
0.8538849353790283
1.8792915344238281
1.8775906562805176
1.9323310852050781
1.930246353149414
1.9205396175384521
1.9197213649749756
1.9172101020812988
1.9178404808044434
3.210132360458374
3.2096149921417236
3.206439733505249
3.206286907196045
3.2249443531036377
3.2207388877868652
3.222226142883301
3.6522960662841797
3.218738079071045
3.2153525352478027
3.646869421005249
3.6500205993652344
3.2126739025115967
3.6486687660217285

18-th iteration:
0.3251197338104248
1.0285539627075195
0.3239777088165283
0.5639698505401611
0.5619206428527832
1.0161387920379639
1.0182013511657715
1.0139055252075195
2.050342559814453
2.047999143600464
2.045761823654175
2.0442519187927246
2.0429205894470215
3.3001229763031006
2.038942337036133
3.759732961654663
2.042422294616699
3.7580065727233887
3.296048641204834
3.293527364730835
3.2853033542633057
3.289736270904541
3.748404026031494
3.2900607585906982
2.0257036685943604
3.2882888317108154
3.282123327255249
3.284313440322876
3.2846431732177734
3.7456769943237305

19-th iteration:
0.29291582107543945
0.5231869220733643
0.2917358875274658
1.0086593627929688
1.0070834159851074
1.0039379596710205
1.8209764957427979
0.9873189926147461
0.5035173892974854
1.812290906906128
3.2799248695373535
1.8648619651794434
1.8517532348632812
1.8524422645568848
1.8506128787994385
3.264456033706665
1.8463616371154785
1.8419249057769775
3.260211229324341
3.263737201690674
3.2634923458099365
3.259267807006836
3.2604479789733887
3.260944128036499
3.255995988845825
3.2588939666748047
3.650712251663208
3.6539218425750732
3.652683734893799
3.653491973876953

20-th iteration:
0.44076061248779297
0.2554290294647217
0.25415587425231934
0.8624539375305176
0.43622422218322754
1.606609582901001
0.8553524017333984
0.8541247844696045
1.5951058864593506
1.5904672145843506
0.8328883647918701
1.5789005756378174
1.5743122100830078
2.536405324935913
1.577113389968872
2.5308680534362793
1.574298620223999
2.5294182300567627
2.534459352493286
1.5715765953063965
2.531585454940796
2.5301663875579834
2.5311081409454346
2.5306122303009033
2.526066780090332
2.924243211746216
2.527310609817505
2.9254324436187744
2.9241833686828613
2.9240455627441406

