1-th iteration:
0.1615300178527832
0.13449645042419434
0.1697371006011963
0.15003299713134766
0.1507730484008789
0.12944865226745605
0.13278412818908691
0.15709614753723145
0.13979244232177734
0.1404709815979004
0.1503767967224121
0.15953993797302246
0.13009190559387207
0.12908935546875
0.1311473846435547
0.12945151329040527
0.12996268272399902
0.15003609657287598
0.12990379333496094
0.1605067253112793
0.14969372749328613
0.15024089813232422
0.12951040267944336
0.17005205154418945
0.15996432304382324

2-th iteration:
0.15950322151184082
0.14015913009643555
0.15960264205932617
0.1512584686279297
0.1687018871307373
0.1499006748199463
0.16048717498779297
0.16965889930725098
0.19993138313293457
0.1298828125
0.13979506492614746
0.13507986068725586
0.12609457969665527
0.15904736518859863
0.17240405082702637
0.15740370750427246
0.13078999519348145
0.12929415702819824
0.13958525657653809
0.12943482398986816
0.14063739776611328
0.15014243125915527
0.16044068336486816
0.1605243682861328
0.15862751007080078

3-th iteration:
0.13979649543762207
0.14947128295898438
0.1505143642425537
0.1409764289855957
0.14940929412841797
0.15018129348754883
0.15932226181030273
0.12989091873168945
0.13978934288024902
0.13013386726379395
0.1300191879272461
0.14009356498718262
0.15976214408874512
0.16078734397888184
0.1497480869293213
0.12920212745666504
0.15627360343933105
0.13366937637329102
0.13007616996765137
0.13107633590698242
0.14899063110351562
0.1598832607269287
0.16028380393981934
0.12957334518432617
0.16008329391479492

4-th iteration:
0.12925434112548828
0.13544893264770508
0.1753239631652832
0.1798391342163086
0.1498725414276123
0.15001225471496582
0.12978506088256836
0.13978791236877441
0.14038348197937012
0.13005995750427246
0.149857759475708
0.1505289077758789
0.16904425621032715
0.14004039764404297
0.12972474098205566
0.1520547866821289
0.12800908088684082
0.13029956817626953
0.15909123420715332
0.18083786964416504
0.14951539039611816
0.15074610710144043
0.20833754539489746
0.12965798377990723
0.16129660606384277

5-th iteration:
0.15962004661560059
0.22897982597351074
0.13099193572998047
0.15013670921325684
0.15123438835144043
0.14873623847961426
0.1594862937927246
0.17038321495056152
0.14034795761108398
0.13824987411499023
0.13997435569763184
0.1512155532836914
0.15031719207763672
0.14983558654785156
0.16040253639221191
0.18927741050720215
0.12976670265197754
0.1401968002319336
0.13363957405090332
0.1270291805267334
0.13927674293518066
0.170119047164917
0.24997925758361816
0.3198215961456299
0.24994564056396484

6-th iteration:
0.1899735927581787
0.15973281860351562
0.17020416259765625
0.13972020149230957
0.13998079299926758
0.13988685607910156
0.16971683502197266
0.13021445274353027
0.1599876880645752
0.1701340675354004
0.16979384422302246
0.1604928970336914
0.13928556442260742
0.15007877349853516
0.14002537727355957
0.1502084732055664
0.1498253345489502
0.1596236228942871
0.13008785247802734
0.1498548984527588
0.15022706985473633
0.15972185134887695
0.1604607105255127
0.16970348358154297
0.17008733749389648

7-th iteration:
0.17924761772155762
0.18028926849365234
0.13995671272277832
0.1298532485961914
0.12014412879943848
0.17008662223815918
0.1500844955444336
0.15973448753356934
0.12984251976013184
0.14989614486694336
0.13998198509216309
0.12998342514038086
0.13992023468017578
0.16029739379882812
0.16949105262756348
0.13005924224853516
0.13978958129882812
0.12993645668029785
0.15015625953674316
0.1399836540222168
0.1699378490447998
0.15973162651062012
0.16013455390930176
0.15006327629089355
0.12969446182250977

8-th iteration:
0.12988686561584473
0.13038134574890137
0.15004825592041016
0.16941452026367188
0.17023968696594238
0.13973593711853027
0.13972711563110352
0.1502525806427002
0.1599745750427246
0.1506946086883545
0.16913652420043945
0.14996933937072754
0.15032458305358887
0.14982151985168457
0.13988947868347168
0.15997719764709473
0.1601719856262207
0.16990256309509277
0.170210599899292
0.1694955825805664
0.15006065368652344
0.13991045951843262
0.12965059280395508
0.1502530574798584
0.15013909339904785

9-th iteration:
0.1796863079071045
0.15998387336730957
0.12954044342041016
0.14005041122436523
0.1307392120361328
0.14013218879699707
0.18941736221313477
0.17977547645568848
0.16029667854309082
0.3996114730834961
0.16989469528198242
0.13999176025390625
0.1499011516571045
0.16147661209106445
0.1585402488708496
0.13968563079833984
0.1401829719543457
0.15160226821899414
0.13817071914672852
0.1502552032470703
0.1602180004119873
0.1999208927154541
0.15947985649108887
0.1398909091949463
0.1502218246459961

10-th iteration:
0.12963104248046875
0.13008856773376465
0.160125732421875
0.160050630569458
0.15999531745910645
0.13952875137329102
0.13926076889038086
0.13073372840881348
0.14026641845703125
0.1299123764038086
0.15991663932800293
0.16996002197265625
0.1394939422607422
0.1403641700744629
0.1294691562652588
0.13044524192810059
0.1297595500946045
0.13013768196105957
0.15985655784606934
0.14995312690734863
0.1401360034942627
0.12970304489135742
0.12966084480285645
0.14032864570617676
0.1299886703491211

11-th iteration:
0.1501481533050537
0.16021490097045898
0.1494302749633789
0.13124489784240723
0.12932634353637695
0.1391279697418213
0.13009071350097656
0.12984347343444824
0.14991307258605957
0.17002463340759277
0.1706218719482422
0.15935564041137695
0.1395127773284912
0.14204621315002441
0.15213608741760254
0.16623163223266602
0.15978312492370605
0.14009523391723633
0.12987589836120605
0.1302933692932129
0.13013792037963867
0.12929511070251465
0.14022207260131836
0.16005992889404297
0.16002964973449707

12-th iteration:
0.16049671173095703
0.1393289566040039
0.12963342666625977
0.1302051544189453
0.12976908683776855
0.13982248306274414
0.1603541374206543
0.18003034591674805
0.1597912311553955
0.13979673385620117
0.15987014770507812
0.12967777252197266
0.13054203987121582
0.1498546600341797
0.16015028953552246
0.16139888763427734
0.16813182830810547
0.15027832984924316
0.1397266387939453
0.14038991928100586
0.12974977493286133
0.14006805419921875
0.15998172760009766
0.17987537384033203
0.15995216369628906

13-th iteration:
0.14431500434875488
0.16523408889770508
0.13306903839111328
0.1971735954284668
0.16954851150512695
0.17034506797790527
0.17988371849060059
0.14318609237670898
0.12655973434448242
0.12957239151000977
0.1533966064453125
0.19044804573059082
0.18640470504760742
0.12949085235595703
0.14040064811706543
0.1600041389465332
0.15065741539001465
0.14961600303649902
0.17972040176391602
0.1401524543762207
0.12966227531433105
0.15012693405151367
0.14986133575439453
0.130143404006958
0.16260576248168945

14-th iteration:
0.1470644474029541
0.15013480186462402
0.14000749588012695
0.14975428581237793
0.12988829612731934
0.1297922134399414
0.13007688522338867
0.14980149269104004
0.15149927139282227
0.18839168548583984
0.12006974220275879
0.1300828456878662
0.12960600852966309
0.13019943237304688
0.14020633697509766
0.15001249313354492
0.15988779067993164
0.14986634254455566
0.12970876693725586
0.13029956817626953
0.13966083526611328
0.1399848461151123
0.13110637664794922
0.16877269744873047
0.1700303554534912

15-th iteration:
0.1697075366973877
0.14339971542358398
0.14677166938781738
0.1298055648803711
0.12998080253601074
0.13036608695983887
0.15973210334777832
0.1699507236480713
0.1396627426147461
0.1499783992767334
0.12982988357543945
0.13013029098510742
0.13010907173156738
0.13973045349121094
0.1509397029876709
0.1594219207763672
0.14949345588684082
0.13004517555236816
0.13010478019714355
0.12959837913513184
0.13029766082763672
0.14020252227783203
0.1538379192352295
0.12615609169006348
0.12959957122802734

16-th iteration:
0.13982844352722168
0.14048266410827637
0.1296710968017578
0.20011568069458008
0.15974020957946777
0.17041945457458496
0.14907431602478027
0.14078283309936523
0.12946510314941406
0.12994623184204102
0.13989043235778809
0.18626141548156738
0.15572237968444824
0.15818238258361816
0.12968969345092773
0.12973928451538086
0.12968206405639648
0.13052988052368164
0.16927433013916016
0.15062665939331055
0.16004323959350586
0.1497805118560791
0.1300218105316162
0.1439223289489746
0.1760091781616211

17-th iteration:
0.13990521430969238
0.14997410774230957
0.1599428653717041
0.13973212242126465
0.1301124095916748
0.14963960647583008
0.13038969039916992
0.13388299942016602
0.1662585735321045
0.14998459815979004
0.15983915328979492
0.15977025032043457
0.1299748420715332
0.14997148513793945
0.14089012145996094
0.13910388946533203
0.12995314598083496
0.18006515502929688
0.1598677635192871
0.1618664264678955
0.15357184410095215
0.1672194004058838
0.1473557949066162
0.3096621036529541
0.18507146835327148

18-th iteration:
0.16460871696472168
0.20001006126403809
0.17984986305236816
0.16015243530273438
0.1401362419128418
0.15962958335876465
0.15005183219909668
0.15003371238708496
0.13974595069885254
0.1299901008605957
0.14063334465026855
0.16946816444396973
0.16112208366394043
0.13854146003723145
0.1301259994506836
0.1298830509185791
0.12995028495788574
0.14172124862670898
0.16909217834472656
0.17910218238830566
0.1400299072265625
0.13993382453918457
0.13006210327148438
0.14091277122497559
0.12925934791564941

19-th iteration:
0.15926241874694824
0.12997698783874512
0.130324125289917
0.13979601860046387
0.13993096351623535
0.13998103141784668
0.16017913818359375
0.17028117179870605
0.15965962409973145
0.15966010093688965
0.17881464958190918
0.16111540794372559
0.13331866264343262
0.1366584300994873
0.13967037200927734
0.16323208808898926
0.1771388053894043
0.12978672981262207
0.150193452835083
0.1398453712463379
0.13999009132385254
0.13055777549743652
0.15948104858398438
0.17065048217773438
0.13860750198364258

20-th iteration:
0.13055062294006348
0.16109180450439453
0.17934536933898926
0.19062352180480957
0.1690218448638916
0.14993810653686523
0.15956330299377441
0.14998221397399902
0.13992810249328613
0.1598975658416748
0.1300513744354248
0.13004326820373535
0.16040635108947754
0.14948582649230957
0.19015026092529297
0.13958978652954102
0.1299910545349121
0.1807997226715088
0.17947125434875488
0.1398763656616211
0.19176030158996582
0.18793940544128418
0.1300346851348877
0.12991547584533691
0.1501142978668213

