1-th iteration:
0.23334884643554688
0.2295219898223877
0.39864397048950195
0.3989870548248291
0.7800421714782715
0.7817161083221436
0.7809157371520996
0.7814617156982422
0.9345076084136963
0.9342350959777832

2-th iteration:
0.23004770278930664
0.22777795791625977
0.7316396236419678
0.7276637554168701
0.38422632217407227
0.3820078372955322
0.724844217300415
0.7201097011566162
0.8898777961730957
0.8868589401245117

3-th iteration:
0.22785687446594238
0.22896480560302734
0.38686180114746094
0.7269017696380615
0.7273337841033936
0.3823072910308838
0.7252237796783447
0.7202918529510498
0.8733596801757812
0.8702096939086914

4-th iteration:
0.24772238731384277
0.24639892578125
0.43481922149658203
0.4354856014251709
0.7760181427001953
0.7772741317749023
0.7766556739807129
0.9387598037719727
0.9353666305541992
0.7673039436340332

5-th iteration:
0.2394542694091797
0.41812777519226074
0.7459819316864014
0.2364518642425537
0.4161341190338135
0.7481615543365479
0.7456514835357666
0.9145636558532715
0.9113960266113281
0.7392809391021729

6-th iteration:
0.27534961700439453
0.7957451343536377
0.2725791931152344
0.45914435386657715
0.7934093475341797
0.7920496463775635
0.9539299011230469
0.7836675643920898
0.44676899909973145
0.9463603496551514

7-th iteration:
0.2787139415740967
0.2775893211364746
0.43531274795532227
0.7787070274353027
0.7759397029876709
0.7771236896514893
0.42971277236938477
0.7709178924560547
0.9219951629638672
0.911095380783081

8-th iteration:
0.28887081146240234
0.28741025924682617
0.4562373161315918
0.4557209014892578
0.7888641357421875
0.7858514785766602
0.7822928428649902
0.9551079273223877
0.7768733501434326
0.9509873390197754

9-th iteration:
0.2685580253601074
0.7591137886047363
0.4155733585357666
0.41474294662475586
0.2631232738494873
0.7561802864074707
0.7526564598083496
0.7483465671539307
0.8956012725830078
0.89113450050354

10-th iteration:
0.3983936309814453
0.22704029083251953
0.22638249397277832
0.3950328826904297
0.7125732898712158
0.7139809131622314
0.7134685516357422
0.7117607593536377
0.8927042484283447
0.8884425163269043

11-th iteration:
0.22870087623596191
0.3794546127319336
0.3782949447631836
0.6890988349914551
0.6939542293548584
0.22419214248657227
0.6909322738647461
0.8691532611846924
0.6879491806030273
0.8616423606872559

12-th iteration:
0.4178473949432373
0.24744606018066406
0.4158921241760254
0.24607348442077637
0.7347307205200195
0.8808286190032959
0.7338986396789551
0.8771378993988037
0.7275390625
0.72245192527771

13-th iteration:
0.2278752326965332
0.38967084884643555
0.2268977165222168
0.38794445991516113
0.7310178279876709
0.7271838188171387
0.7241971492767334
0.711519718170166
0.8879964351654053
0.8813126087188721

14-th iteration:
0.2308483123779297
0.7122969627380371
0.3760647773742676
0.3739147186279297
0.22478103637695312
0.7054784297943115
0.7020564079284668
0.851658821105957
0.6915812492370605
0.8410460948944092

15-th iteration:
0.3780250549316406
0.2267301082611084
0.7185463905334473
0.22440171241760254
0.37330079078674316
0.7109215259552002
0.705122709274292
0.6986238956451416
0.8539915084838867
0.8455405235290527

16-th iteration:
0.23647594451904297
0.7586274147033691
0.7548694610595703
0.4234151840209961
0.23272395133972168
0.7525713443756104
0.4198014736175537
0.9184818267822266
0.7495028972625732
0.9104480743408203

17-th iteration:
0.2986338138580322
0.4765300750732422
0.4764697551727295
0.29619741439819336
0.832115650177002
0.8308417797088623
0.8285911083221436
0.8201801776885986
0.9948832988739014
0.9858207702636719

18-th iteration:
0.28109264373779297
0.8179564476013184
0.42609357833862305
0.26878833770751953
0.42439794540405273
0.8098089694976807
0.8096039295196533
0.8058702945709229
1.0132763385772705
1.0088894367218018

19-th iteration:
0.5284125804901123
1.1303658485412598
0.9456155300140381
0.3030860424041748
0.9444162845611572
0.3000955581665039
0.9403836727142334
0.5184516906738281
1.1170966625213623
0.9352960586547852

20-th iteration:
0.5651283264160156
0.9984827041625977
0.5634710788726807
0.32023048400878906
0.9923591613769531
1.1971473693847656
0.9894516468048096
0.31392812728881836
1.1910450458526611
0.9846253395080566

